10000

0
1
2
2
2
4
4
5
5
6
6
7
8
8
9
10
10
11
12
14
14
15
16
16
16
18
19
19
20
20
20
22
23
25
26
27
29
30
30
31
32
33
33
33
33
37
37
39
40
40
40
40
41
41
42
42
45
46
47
49
50
51
53
55
57
58
58
59
59
59
62
64
65
65
65
65
66
67
68
68
68
69
70
71
74
76
77
78
78
78
78
78
80
80
80
82
84
84
85
86
88
89
94
94
94
94
96
98
100
101
101
106
106
106
107
107
108
108
108
109
112
113
114
115
115
117
117
117
117
118
119
120
120
121
125
126
127
128
128
128
129
129
132
133
136
136
137
137
140
140
141
141
141
142
142
143
143
143
144
145
146
146
147
147
148
148
150
151
152
152
153
155
156
157
158
158
159
160
160
160
161
162
162
163
163
165
165
167
170
171
171
172
173
173
174
175
175
176
176
176
177
177
178
181
182
182
182
184
185
187
187
190
191
192
194
194
195
196
196
197
197
198
198
200
202
203
203
204
204
204
204
205
205
209
209
210
211
214
214
215
217
217
218
218
218
219
219
219
221
221
221
223
226
226
227
229
230
230
231
231
231
231
233
233
233
234
234
236
237
238
240
242
242
242
242
244
246
247
248
248
248
250
251
253
254
256
256
257
257
258
258
260
261
262
264
264
264
265
265
266
267
268
269
270
270
272
273
274
276
276
279
280
280
282
284
285
285
288
293
294
294
295
295
295
295
296
296
299
302
305
305
305
306
306
306
307
310
312
312
316
317
317
318
318
319
319
320
320
321
322
323
324
328
329
330
331
332
333
333
335
335
337
337
339
340
340
340
341
341
343
343
347
350
355
356
356
357
362
362
362
363
363
363
364
364
365
366
367
369
371
371
371
371
372
373
373
374
376
377
378
379
379
380
381
381
381
383
384
384
385
386
387
387
387
390
390
391
392
392
394
394
395
395
396
397
401
402
403
405
407
408
410
411
412
413
414
415
415
416
416
417
417
417
417
418
418
419
419
420
420
420
421
423
423
423
430
434
435
435
437
440
441
442
443
444
446
446
446
446
447
447
449
450
450
451
455
456
457
457
458
460
460
461
463
466
466
468
470
470
470
474
475
477
480
482
483
484
484
485
487
488
489
490
491
491
492
492
492
496
497
498
498
500
500
502
503
504
504
505
507
508
510
511
512
512
512
513
514
515
516
516
516
517
519
522
522
523
523
523
524
524
525
526
527
529
530
530
530
532
534
536
537
537
539
539
540
542
545
545
545
545
545
545
546
546
547
547
547
549
549
551
553
555
556
557
557
558
558
558
559
560
561
561
562
562
566
566
567
568
568
569
569
569
569
571
574
575
577
577
578
578
579
580
582
582
583
584
586
587
587
588
589
589
590
590
592
593
595
596
597
598
600
602
603
603
603
605
605
605
606
606
607
615
619
620
622
623
623
624
624
624
625
625
627
628
628
628
629
632
632
633
633
633
633
633
634
635
637
638
639
639
640
641
642
642
642
643
645
646
648
648
650
650
653
653
654
655
655
655
655
656
656
656
657
660
660
660
661
661
661
662
665
667
669
669
670
670
672
673
673
674
674
675
675
676
677
678
679
682
683
683
685
687
687
687
688
689
691
693
693
696
696
696
698
698
700
700
701
702
702
702
703
703
703
703
703
706
707
707
707
708
709
709
710
711
715
716
716
717
719
720
721
721
722
722
722
722
723
723
723
723
724
725
727
728
729
729
730
730
731
733
733
735
735
736
737
737
737
738
738
739
740
740
740
742
742
743
744
744
744
745
746
749
750
751
752
753
753
755
756
757
757
758
759
760
760
760
763
763
763
764
766
766
767
767
768
768
769
773
774
774
775
775
776
776
776
779
780
781
782
782
782
785
787
787
788
788
788
789
789
791
791
792
793
797
799
799
802
803
804
804
804
805
805
807
808
809
811
813
814
814
814
814
815
816
816
817
817
817
818
819
819
820
820
823
824
826
827
827
829
829
830
830
831
833
833
835
836
836
836
837
839
840
840
840
842
842
842
844
845
846
847
848
848
848
848
849
850
853
854
854
854
855
857
858
860
868
869
870
873
874
875
876
876
878
878
878
879
879
879
879
880
881
881
881
882
884
886
886
887
888
888
889
889
889
890
891
891
894
895
895
896
899
900
900
902
902
903
904
906
907
909
910
910
911
912
912
912
912
913
915
916
916
919
920
920
921
926
926
926
927
927
928
928
930
931
931
932
932
932
933
934
934
934
935
938
938
938
939
939
940
940
941
942
944
945
946
951
952
952
953
954
955
957
957
958
962
962
963
965
966
966
969
969
970
973
974
974
976
978
978
978
979
980
981
984
985
985
986
988
989
990
991
993
994
995
996
997
997
999
1000
1001
1003
1004
1004
1005
1005
1006
1006
1008
1010
1011
1013
1014
1014
1018
1020
1020
1020
1020
1021
1021
1022
1024
1026
1026
1028
1031
1032
1032
1032
1033
1034
1034
1035
1036
1036
1036
1039
1039
1040
1042
1043
1043
1044
1046
1047
1047
1048
1049
1050
1051
1052
1052
1052
1053
1053
1053
1053
1056
1058
1059
1060
1062
1062
1066
1067
1069
1071
1071
1071
1074
1074
1075
1075
1076
1077
1077
1078
1079
1080
1081
1081
1081
1082
1082
1083
1085
1086
1087
1089
1089
1090
1091
1091
1093
1094
1095
1096
1096
1097
1099
1100
1101
1102
1104
1104
1105
1105
1108
1109
1110
1110
1112
1112
1113
1113
1114
1115
1118
1119
1119
1120
1120
1120
1121
1122
1123
1123
1124
1125
1126
1127
1127
1128
1128
1129
1130
1131
1132
1132
1133
1135
1135
1136
1137
1137
1137
1138
1138
1139
1140
1140
1141
1142
1142
1142
1142
1142
1143
1144
1146
1147
1147
1152
1152
1153
1153
1154
1154
1155
1155
1157
1158
1158
1160
1160
1162
1163
1164
1165
1165
1165
1165
1166
1166
1167
1167
1168
1168
1170
1170
1172
1173
1173
1173
1174
1174
1175
1177
1177
1178
1179
1180
1181
1182
1182
1183
1187
1188
1188
1188
1189
1190
1190
1190
1191
1192
1192
1193
1193
1193
1194
1194
1196
1196
1196
1197
1198
1198
1199
1199
1201
1205
1205
1206
1209
1210
1210
1211
1215
1215
1215
1215
1216
1216
1217
1217
1218
1218
1219
1219
1219
1221
1221
1222
1223
1224
1224
1224
1226
1227
1227
1229
1230
1231
1231
1231
1234
1235
1235
1235
1236
1237
1237
1237
1238
1240
1241
1244
1245
1246
1246
1247
1250
1251
1252
1254
1255
1258
1260
1261
1261
1263
1264
1265
1266
1266
1267
1268
1269
1269
1269
1271
1271
1272
1273
1274
1276
1276
1277
1278
1279
1279
1281
1281
1282
1283
1283
1283
1285
1286
1289
1289
1290
1291
1292
1292
1292
1292
1292
1292
1293
1294
1295
1295
1296
1297
1298
1299
1299
1299
1303
1303
1304
1305
1306
1307
1307
1308
1308
1309
1310
1310
1311
1312
1313
1314
1314
1316
1323
1324
1325
1326
1326
1326
1327
1328
1329
1330
1330
1331
1334
1338
1340
1342
1342
1343
1345
1347
1347
1348
1349
1349
1349
1349
1352
1353
1354
1355
1355
1356
1357
1357
1357
1360
1361
1361
1362
1363
1365
1366
1366
1369
1370
1372
1373
1375
1375
1376
1376
1376
1377
1379
1380
1380
1381
1382
1383
1383
1384
1385
1385
1388
1388
1389
1390
1391
1391
1391
1392
1393
1396
1397
1398
1398
1398
1399
1399
1400
1401
1403
1407
1408
1408
1410
1412
1413
1413
1415
1416
1417
1418
1422
1423
1423
1424
1427
1428
1429
1429
1429
1430
1430
1431
1431
1433
1435
1435
1436
1437
1438
1439
1439
1439
1441
1441
1442
1444
1446
1446
1447
1449
1449
1450
1450
1453
1453
1457
1458
1459
1459
1461
1461
1462
1464
1464
1465
1466
1466
1468
1470
1473
1475
1476
1478
1480
1480
1482
1483
1485
1485
1489
1489
1489
1490
1490
1490
1491
1491
1492
1495
1495
1497
1499
1500
1500
1501
1501
1503
1504
1504
1504
1505
1505
1506
1506
1508
1509
1512
1513
1514
1515
1515
1515
1515
1517
1517
1525
1527
1527
1528
1529
1534
1534
1536
1537
1539
1539
1540
1543
1544
1545
1545
1545
1546
1547
1548
1548
1548
1549
1550
1552
1553
1553
1553
1555
1557
1557
1557
1558
1558
1562
1563
1565
1565
1565
1566
1568
1569
1570
1571
1572
1578
1579
1580
1581
1581
1582
1583
1585
1585
1586
1586
1586
1587
1593
1593
1594
1597
1599
1600
1600
1601
1604
1606
1609
1610
1612
1614
1614
1616
1616
1617
1617
1617
1617
1620
1620
1621
1622
1623
1623
1624
1624
1625
1628
1628
1628
1629
1630
1631
1633
1639
1639
1640
1641
1642
1642
1645
1645
1648
1649
1649
1653
1654
1655
1655
1655
1655
1657
1657
1661
1662
1662
1663
1663
1663
1664
1664
1665
1665
1669
1671
1672
1673
1674
1675
1675
1677
1677
1678
1679
1680
1681
1682
1684
1685
1685
1685
1685
1687
1688
1690
1690
1691
1692
1692
1693
1693
1694
1696
1696
1697
1698
1699
1703
1704
1705
1705
1706
1706
1709
1713
1715
1716
1719
1719
1720
1724
1725
1725
1729
1732
1732
1732
1733
1734
1734
1735
1736
1739
1741
1742
1743
1743
1745
1747
1747
1747
1748
1748
1749
1749
1752
1752
1753
1753
1754
1756
1757
1759
1760
1761
1761
1762
1763
1765
1766
1768
1770
1771
1771
1772
1774
1774
1774
1775
1775
1777
1777
1778
1779
1779
1779
1780
1780
1782
1783
1784
1786
1786
1786
1787
1791
1793
1793
1793
1797
1798
1801
1801
1806
1806
1806
1807
1808
1809
1809
1812
1813
1813
1813
1818
1819
1822
1822
1822
1823
1828
1829
1830
1833
1834
1834
1834
1835
1838
1843
1844
1846
1847
1847
1848
1849
1851
1851
1851
1852
1853
1856
1856
1857
1858
1859
1860
1861
1861
1863
1864
1864
1865
1865
1867
1868
1868
1869
1871
1872
1872
1874
1877
1878
1879
1880
1880
1883
1885
1885
1888
1889
1890
1891
1891
1891
1892
1894
1895
1896
1896
1899
1902
1903
1903
1904
1905
1906
1907
1907
1907
1907
1908
1909
1910
1910
1915
1915
1916
1916
1917
1919
1920
1921
1922
1922
1923
1923
1925
1926
1928
1931
1933
1934
1935
1936
1936
1938
1938
1938
1939
1940
1940
1941
1944
1945
1946
1949
1950
1951
1951
1952
1953
1953
1954
1956
1957
1958
1959
1960
1961
1962
1962
1962
1963
1964
1965
1965
1966
1966
1966
1967
1969
1970
1970
1971
1971
1972
1972
1973
1974
1974
1975
1977
1979
1980
1980
1980
1980
1983
1983
1983
1983
1984
1984
1984
1985
1986
1986
1988
1988
1988
1990
1990
1991
1991
1992
1992
1992
1993
1994
1994
1994
1994
1995
1995
1996
1997
1999
2001
2003
2003
2003
2004
2004
2005
2006
2007
2009
2009
2010
2010
2012
2013
2013
2014
2014
2015
2016
2017
2017
2019
2020
2023
2023
2025
2026
2026
2026
2029
2030
2030
2033
2037
2038
2040
2042
2043
2044
2044
2047
2047
2048
2049
2049
2050
2051
2053
2055
2055
2056
2056
2056
2057
2058
2059
2060
2061
2062
2063
2064
2064
2065
2066
2067
2067
2069
2073
2073
2077
2080
2082
2083
2085
2085
2087
2087
2088
2089
2090
2090
2091
2091
2093
2093
2094
2095
2095
2096
2097
2099
2099
2100
2100
2103
2103
2107
2108
2109
2110
2110
2112
2112
2113
2115
2119
2120
2121
2122
2122
2122
2122
2124
2125
2125
2126
2128
2128
2129
2129
2130
2131
2134
2136
2136
2137
2140
2140
2143
2144
2146
2146
2148
2150
2151
2151
2151
2151
2153
2154
2154
2156
2157
2159
2160
2161
2162
2164
2166
2168
2169
2171
2172
2172
2173
2177
2179
2180
2180
2185
2186
2186
2186
2187
2187
2187
2188
2188
2188
2188
2188
2189
2191
2192
2192
2193
2193
2194
2194
2195
2197
2198
2198
2199
2199
2200
2200
2200
2201
2201
2202
2203
2204
2205
2207
2208
2209
2209
2210
2210
2212
2212
2216
2216
2217
2217
2217
2219
2223
2228
2228
2229
2230
2230
2231
2231
2232
2232
2233
2235
2236
2236
2236
2237
2239
2240
2241
2243
2244
2245
2245
2245
2247
2247
2251
2251
2251
2251
2252
2253
2254
2254
2255
2255
2257
2257
2257
2258
2258
2258
2258
2260
2260
2260
2261
2261
2261
2261
2262
2263
2263
2263
2264
2265
2266
2266
2266
2267
2267
2267
2268
2268
2269
2271
2271
2272
2272
2275
2275
2276
2276
2277
2277
2278
2278
2279
2279
2280
2280
2280
2281
2281
2281
2285
2285
2286
2286
2286
2287
2288
2289
2290
2291
2291
2292
2295
2299
2300
2301
2301
2302
2302
2304
2304
2306
2306
2307
2307
2309
2311
2311
2311
2312
2312
2313
2319
2319
2325
2326
2326
2328
2330
2331
2331
2332
2332
2333
2333
2341
2342
2342
2343
2344
2344
2344
2350
2352
2353
2353
2353
2354
2356
2357
2357
2358
2361
2362
2365
2367
2367
2367
2369
2369
2370
2371
2371
2372
2373
2374
2375
2379
2379
2380
2383
2386
2387
2388
2389
2389
2390
2391
2395
2397
2399
2399
2399
2403
2406
2407
2407
2407
2407
2410
2410
2411
2411
2411
2412
2414
2415
2415
2415
2415
2415
2416
2419
2420
2420
2420
2422
2423
2425
2425
2425
2425
2426
2426
2429
2429
2429
2430
2430
2431
2432
2433
2433
2434
2434
2436
2436
2437
2437
2438
2438
2438
2440
2441
2441
2443
2443
2443
2444
2445
2445
2448
2449
2451
2451
2451
2452
2457
2458
2461
2461
2462
2463
2463
2465
2468
2469
2470
2471
2471
2474
2474
2475
2475
2475
2479
2481
2484
2485
2487
2487
2488
2489
2489
2489
2491
2491
2492
2492
2494
2495
2496
2498
2500
2502
2503
2503
2503
2503
2504
2504
2504
2506
2509
2509
2512
2512
2514
2514
2515
2515
2516
2517
2519
2520
2520
2521
2522
2526
2526
2528
2529
2531
2532
2533
2536
2536
2537
2537
2537
2538
2540
2543
2545
2546
2547
2550
2550
2551
2551
2551
2552
2553
2554
2554
2556
2557
2557
2557
2559
2560
2562
2563
2564
2566
2566
2566
2569
2571
2574
2574
2574
2575
2577
2577
2581
2581
2582
2583
2584
2585
2585
2586
2587
2588
2588
2588
2590
2590
2591
2592
2592
2594
2594
2594
2595
2595
2596
2597
2597
2599
2599
2599
2600
2602
2603
2604
2605
2606
2607
2608
2608
2609
2610
2610
2612
2613
2615
2616
2618
2619
2621
2621
2622
2623
2623
2626
2626
2627
2629
2630
2631
2632
2633
2633
2636
2637
2638
2638
2639
2642
2644
2647
2647
2648
2649
2649
2651
2652
2653
2654
2654
2655
2655
2656
2657
2659
2660
2661
2662
2663
2663
2664
2664
2665
2668
2670
2671
2672
2673
2673
2673
2675
2675
2675
2677
2679
2679
2679
2680
2680
2680
2681
2683
2684
2687
2687
2688
2688
2689
2689
2693
2694
2694
2696
2699
2701
2702
2705
2705
2705
2706
2707
2708
2708
2709
2711
2712
2715
2716
2717
2717
2718
2721
2722
2725
2726
2726
2728
2731
2731
2733
2734
2735
2735
2737
2738
2739
2741
2742
2742
2743
2744
2744
2745
2745
2745
2746
2746
2747
2748
2749
2750
2751
2752
2752
2753
2754
2754
2756
2756
2757
2757
2760
2761
2761
2763
2764
2764
2765
2765
2766
2767
2768
2768
2768
2769
2772
2772
2772
2774
2774
2775
2775
2776
2777
2779
2781
2781
2781
2784
2785
2786
2786
2787
2791
2795
2796
2800
2802
2804
2804
2805
2806
2807
2808
2808
2808
2811
2812
2816
2819
2822
2823
2824
2829
2831
2832
2832
2834
2834
2834
2839
2840
2841
2842
2842
2845
2847
2847
2850
2851
2851
2852
2852
2854
2856
2856
2856
2856
2857
2857
2858
2858
2859
2860
2861
2863
2866
2866
2867
2867
2867
2869
2869
2869
2871
2871
2871
2871
2872
2873
2873
2874
2876
2876
2879
2879
2879
2880
2880
2882
2883
2885
2887
2887
2889
2893
2893
2894
2895
2896
2896
2896
2898
2899
2900
2901
2902
2902
2902
2903
2903
2903
2904
2905
2905
2907
2908
2910
2911
2913
2914
2915
2915
2916
2916
2916
2917
2917
2918
2918
2918
2918
2919
2920
2921
2922
2922
2922
2923
2923
2923
2925
2927
2927
2929
2931
2933
2935
2936
2936
2937
2941
2944
2944
2947
2948
2948
2949
2950
2951
2951
2952
2952
2952
2953
2954
2955
2956
2957
2958
2958
2959
2960
2961
2962
2962
2963
2963
2965
2965
2966
2966
2968
2968
2968
2969
2971
2971
2971
2972
2973
2973
2973
2975
2977
2977
2977
2977
2978
2979
2981
2981
2981
2982
2982
2982
2983
2984
2985
2986
2987
2988
2988
2989
2990
2990
2991
2991
2993
2993
2994
2995
2996
2998
3001
3002
3003
3003
3004
3005
3006
3007
3008
3009
3009
3010
3011
3011
3011
3012
3012
3012
3012
3012
3013
3013
3014
3014
3014
3015
3015
3016
3018
3021
3023
3023
3024
3025
3025
3029
3031
3032
3033
3033
3035
3036
3036
3037
3039
3042
3043
3044
3044
3044
3045
3046
3047
3048
3048
3049
3051
3052
3052
3053
3054
3056
3056
3057
3057
3057
3059
3059
3062
3062
3063
3063
3063
3064
3064
3066
3066
3069
3069
3070
3071
3071
3075
3076
3077
3079
3079
3080
3081
3082
3083
3083
3084
3084
3084
3086
3087
3088
3090
3091
3094
3094
3096
3096
3097
3098
3100
3100
3102
3102
3105
3106
3107
3108
3110
3112
3112
3114
3114
3114
3116
3116
3118
3121
3121
3123
3124
3124
3126
3127
3129
3131
3133
3133
3135
3135
3136
3137
3137
3137
3138
3138
3138
3138
3139
3140
3143
3144
3146
3146
3147
3149
3151
3152
3152
3154
3154
3155
3156
3159
3159
3164
3164
3164
3164
3165
3165
3166
3166
3167
3167
3167
3169
3169
3169
3170
3173
3174
3174
3178
3179
3179
3182
3182
3184
3185
3186
3186
3186
3187
3188
3188
3189
3190
3191
3191
3193
3194
3194
3196
3196
3197
3198
3199
3200
3200
3200
3201
3202
3203
3203
3203
3205
3205
3207
3207
3208
3209
3210
3212
3213
3213
3216
3216
3219
3220
3220
3221
3221
3223
3224
3225
3225
3226
3227
3230
3230
3231
3231
3232
3233
3233
3234
3234
3235
3235
3236
3236
3237
3237
3238
3239
3240
3241
3241
3243
3243
3244
3248
3248
3248
3250
3251
3251
3253
3255
3256
3258
3258
3258
3259
3260
3261
3266
3266
3266
3267
3271
3271
3274
3276
3276
3279
3279
3280
3281
3282
3284
3284
3286
3292
3293
3293
3293
3295
3298
3300
3300
3300
3301
3303
3306
3306
3307
3309
3311
3312
3313
3313
3314
3315
3315
3315
3316
3316
3317
3320
3321
3323
3323
3325
3325
3326
3327
3327
3328
3332
3334
3335
3336
3339
3339
3339
3341
3342
3342
3343
3344
3344
3346
3346
3347
3347
3348
3348
3354
3356
3357
3358
3359
3361
3363
3363
3364
3364
3365
3370
3371
3371
3372
3373
3373
3374
3374
3376
3376
3377
3377
3378
3378
3379
3379
3380
3380
3381
3382
3383
3383
3384
3387
3387
3387
3390
3391
3391
3392
3392
3392
3393
3394
3395
3396
3397
3398
3398
3399
3399
3400
3400
3400
3401
3403
3404
3404
3404
3404
3406
3406
3407
3409
3411
3411
3412
3413
3413
3414
3414
3417
3417
3418
3419
3419
3419
3421
3421
3422
3423
3425
3427
3428
3430
3430
3430
3431
3431
3432
3432
3433
3434
3434
3434
3436
3437
3438
3440
3440
3442
3443
3443
3443
3443
3445
3449
3450
3451
3454
3454
3455
3455
3456
3456
3456
3457
3458
3458
3459
3459
3460
3462
3467
3469
3469
3470
3471
3473
3473
3475
3475
3476
3476
3480
3481
3481
3484
3484
3484
3486
3487
3487
3488
3488
3490
3490
3491
3492
3494
3497
3498
3500
3501
3501
3502
3502
3502
3503
3503
3503
3504
3504
3506
3506
3507
3509
3509
3510
3510
3511
3511
3512
3512
3513
3513
3514
3515
3515
3517
3518
3519
3520
3523
3526
3526
3527
3527
3528
3530
3530
3531
3532
3535
3535
3536
3536
3538
3539
3540
3540
3540
3540
3540
3540
3543
3544
3544
3546
3547
3548
3549
3550
3550
3550
3551
3551
3551
3553
3554
3555
3557
3557
3558
3558
3561
3561
3562
3562
3562
3563
3563
3566
3566
3567
3567
3569
3571
3571
3572
3576
3576
3579
3580
3580
3581
3582
3582
3583
3583
3583
3584
3585
3585
3586
3586
3587
3587
3587
3587
3588
3588
3589
3590
3591
3592
3592
3592
3596
3598
3599
3601
3601
3602
3602
3603
3604
3605
3609
3610
3611
3612
3612
3613
3613
3613
3614
3614
3615
3616
3618
3618
3619
3620
3623
3624
3624
3624
3627
3627
3627
3627
3628
3629
3629
3630
3630
3632
3632
3634
3635
3635
3636
3637
3638
3640
3641
3643
3644
3644
3645
3646
3646
3646
3647
3648
3649
3649
3652
3652
3652
3653
3653
3657
3658
3659
3660
3661
3661
3661
3663
3664
3664
3665
3667
3668
3668
3669
3669
3671
3676
3679
3679
3679
3681
3683
3685
3685
3685
3686
3687
3687
3689
3695
3695
3695
3696
3697
3697
3700
3700
3702
3702
3708
3710
3710
3710
3711
3711
3712
3712
3714
3714
3714
3715
3715
3715
3718
3718
3719
3719
3721
3722
3723
3723
3723
3725
3726
3727
3727
3730
3731
3731
3732
3732
3733
3734
3735
3737
3738
3739
3739
3742
3743
3744
3744
3745
3748
3748
3748
3749
3751
3751
3754
3754
3755
3756
3758
3759
3759
3759
3761
3761
3762
3763
3764
3764
3765
3766
3766
3768
3770
3771
3772
3774
3774
3776
3777
3778
3779
3781
3783
3783
3786
3787
3787
3788
3788
3788
3789
3789
3790
3790
3792
3793
3795
3795
3796
3796
3797
3798
3798
3799
3800
3801
3802
3804
3805
3806
3806
3806
3807
3809
3811
3812
3815
3817
3818
3818
3820
3820
3820
3823
3825
3825
3827
3828
3828
3832
3832
3833
3834
3834
3836
3837
3839
3840
3842
3843
3844
3845
3845
3846
3846
3847
3847
3848
3850
3851
3851
3853
3853
3853
3853
3855
3855
3856
3856
3858
3858
3861
3861
3861
3862
3863
3863
3864
3865
3866
3868
3868
3868
3869
3869
3870
3870
3870
3872
3872
3873
3873
3873
3875
3875
3876
3877
3878
3879
3879
3879
3880
3881
3881
3882
3884
3884
3884
3885
3886
3887
3887
3889
3889
3889
3890
3890
3890
3890
3891
3891
3892
3892
3893
3893
3894
3894
3894
3895
3896
3897
3898
3899
3900
3901
3901
3901
3902
3903
3903
3903
3904
3907
3907
3908
3909
3909
3910
3911
3915
3915
3916
3917
3924
3924
3925
3926
3929
3930
3930
3931
3931
3932
3933
3934
3934
3936
3937
3938
3938
3939
3941
3942
3942
3943
3944
3945
3945
3946
3947
3948
3948
3948
3949
3954
3954
3954
3954
3959
3959
3961
3962
3963
3963
3964
3964
3965
3966
3966
3966
3967
3968
3973
3973
3974
3975
3975
3978
3979
3979
3980
3980
3981
3982
3983
3983
3985
3985
3985
3985
3987
3987
3987
3988
3989
3989
3991
3991
3991
3992
3992
3992
3993
3994
3994
3995
3996
3998
3999
3999
3999
4000
4000
4000
4001
4002
4004
4005
4005
4006
4007
4008
4008
4008
4009
4009
4010
4010
4012
4013
4014
4014
4016
4017
4019
4020
4020
4020
4020
4020
4023
4024
4024
4024
4024
4025
4027
4027
4027
4028
4029
4029
4031
4031
4031
4031
4032
4033
4035
4037
4038
4039
4040
4040
4040
4043
4045
4045
4045
4046
4049
4050
4051
4051
4052
4053
4053
4053
4053
4053
4054
4054
4055
4056
4058
4059
4059
4061
4061
4061
4062
4063
4067
4068
4069
4069
4071
4073
4073
4073
4075
4075
4076
4076
4076
4076
4077
4078
4079
4079
4079
4080
4081
4081
4082
4082
4082
4083
4084
4085
4086
4087
4087
4088
4088
4088
4090
4090
4090
4091
4092
4094
4095
4095
4096
4096
4097
4097
4097
4097
4099
4100
4101
4103
4104
4105
4106
4107
4109
4109
4114
4115
4116
4119
4119
4119
4120
4121
4122
4122
4123
4125
4127
4127
4127
4127
4132
4133
4134
4134
4134
4135
4135
4136
4138
4138
4142
4143
4144
4144
4145
4149
4149
4150
4150
4154
4154
4155
4156
4156
4157
4157
4157
4157
4157
4158
4158
4159
4159
4160
4160
4160
4161
4162
4162
4166
4167
4167
4168
4169
4169
4169
4171
4172
4172
4172
4174
4175
4177
4177
4178
4178
4179
4180
4180
4182
4183
4185
4186
4186
4187
4187
4188
4189
4189
4190
4191
4191
4193
4194
4195
4195
4195
4196
4197
4197
4198
4198
4200
4200
4200
4200
4201
4202
4203
4205
4207
4207
4209
4209
4210
4211
4212
4213
4215
4217
4217
4219
4219
4220
4220
4222
4224
4226
4226
4227
4227
4229
4231
4232
4232
4233
4233
4233
4234
4234
4235
4235
4237
4238
4239
4239
4240
4240
4241
4241
4243
4244
4245
4246
4246
4248
4250
4251
4253
4253
4253
4254
4254
4254
4256
4257
4257
4258
4259
4259
4259
4260
4261
4262
4263
4265
4266
4266
4267
4270
4272
4272
4273
4274
4274
4275
4276
4276
4277
4279
4283
4283
4284
4286
4287
4287
4287
4289
4290
4290
4291
4292
4292
4293
4294
4294
4300
4302
4305
4306
4307
4308
4308
4308
4309
4310
4312
4313
4314
4317
4319
4320
4322
4322
4322
4323
4325
4326
4327
4327
4328
4328
4329
4329
4330
4333
4334
4336
4337
4337
4340
4342
4343
4349
4351
4353
4353
4354
4356
4358
4361
4361
4362
4363
4363
4365
4366
4366
4366
4367
4367
4368
4369
4369
4370
4370
4370
4371
4371
4374
4375
4376
4377
4379
4379
4379
4379
4381
4381
4381
4382
4383
4383
4384
4387
4388
4388
4390
4390
4391
4391
4392
4392
4393
4395
4395
4397
4398
4398
4398
4398
4400
4400
4402
4405
4408
4409
4409
4411
4413
4413
4414
4414
4415
4415
4415
4417
4417
4419
4420
4420
4421
4421
4422
4424
4425
4426
4426
4428
4428
4428
4430
4432
4432
4432
4434
4434
4435
4436
4437
4437
4440
4441
4441
4441
4442
4442
4443
4445
4445
4446
4446
4448
4448
4448
4449
4449
4456
4457
4458
4460
4460
4462
4465
4465
4466
4467
4467
4468
4469
4469
4470
4470
4472
4474
4474
4475
4476
4479
4480
4481
4482
4483
4483
4484
4484
4484
4486
4488
4488
4489
4489
4489
4491
4491
4491
4492
4493
4493
4496
4496
4496
4496
4499
4502
4503
4503
4504
4504
4505
4505
4506
4507
4509
4509
4509
4509
4512
4513
4513
4515
4515
4517
4518
4520
4520
4521
4522
4524
4524
4524
4526
4526
4526
4527
4529
4532
4534
4534
4534
4537
4538
4539
4539
4541
4542
4544
4544
4546
4547
4549
4549
4549
4549
4550
4550
4552
4552
4552
4553
4553
4553
4554
4555
4555
4556
4556
4557
4558
4558
4560
4560
4561
4561
4562
4562
4563
4565
4567
4568
4569
4570
4570
4571
4571
4571
4571
4572
4575
4575
4575
4576
4576
4578
4580
4581
4583
4584
4585
4586
4589
4591
4591
4592
4592
4592
4593
4594
4595
4596
4597
4598
4600
4602
4603
4605
4606
4606
4606
4608
4608
4608
4610
4611
4613
4613
4615
4618
4619
4620
4620
4620
4622
4624
4626
4629
4629
4630
4630
4631
4632
4632
4632
4634
4634
4635
4637
4637
4637
4638
4638
4639
4639
4641
4641
4642
4642
4644
4646
4646
4647
4648
4649
4652
4653
4653
4654
4654
4656
4656
4656
4658
4659
4659
4660
4661
4662
4662
4663
4663
4664
4665
4666
4667
4668
4668
4668
4669
4669
4670
4670
4672
4673
4675
4675
4676
4676
4677
4677
4679
4679
4679
4679
4679
4680
4683
4685
4686
4686
4686
4687
4687
4687
4687
4688
4689
4692
4693
4696
4698
4702
4704
4704
4705
4707
4707
4707
4707
4709
4710
4710
4714
4717
4717
4719
4721
4721
4722
4724
4727
4727
4727
4727
4728
4728
4731
4732
4733
4734
4734
4735
4736
4738
4739
4739
4740
4740
4741
4742
4745
4748
4749
4750
4750
4752
4754
4756
4757
4758
4759
4760
4760
4760
4761
4761
4762
4764
4764
4765
4766
4767
4768
4770
4770
4771
4773
4774
4775
4775
4777
4777
4779
4781
4781
4781
4783
4783
4783
4784
4786
4786
4787
4787
4787
4790
4792
4792
4793
4794
4794
4794
4795
4797
4800
4801
4802
4803
4803
4806
4806
4806
4808
4809
4812
4812
4813
4813
4816
4818
4818
4818
4819
4819
4819
4820
4820
4821
4821
4823
4823
4823
4826
4826
4828
4828
4829
4831
4832
4832
4832
4833
4834
4835
4836
4839
4839
4840
4842
4844
4848
4851
4851
4851
4855
4855
4856
4856
4856
4856
4856
4858
4859
4860
4861
4861
4865
4867
4867
4869
4869
4869
4869
4870
4871
4872
4872
4873
4873
4874
4875
4875
4876
4877
4877
4878
4879
4881
4881
4882
4883
4883
4883
4884
4885
4886
4887
4888
4888
4889
4890
4890
4890
4890
4891
4893
4896
4898
4898
4900
4900
4902
4902
4902
4902
4905
4906
4907
4908
4908
4911
4913
4915
4916
4916
4917
4918
4919
4920
4920
4922
4922
4923
4924
4924
4926
4926
4926
4926
4927
4927
4930
4931
4933
4935
4937
4940
4942
4942
4943
4943
4944
4945
4945
4946
4946
4947
4947
4948
4948
4948
4948
4951
4951
4953
4953
4954
4955
4955
4956
4957
4958
4958
4961
4962
4964
4967
4967
4968
4969
4969
4970
4970
4970
4971
4972
4973
4975
4975
4976
4978
4980
4983
4983
4984
4984
4984
4985
4987
4987
4988
4989
4989
4989
4989
4991
4991
4991
4991
4991
4992
4992
4993
4993
4994
4994
4994
4998
4999
4999
4999
4999
5001
5003
5005
5005
5005
5007
5009
5009
5011
5011
5013
5014
5015
5015
5017
5017
5019
5020
5021
5021
5022
5023
5023
5024
5026
5027
5027
5028
5028
5033
5033
5034
5034
5038
5038
5039
5040
5043
5044
5044
5045
5046
5046
5047
5048
5049
5055
5056
5057
5058
5058
5058
5059
5060
5061
5063
5063
5063
5063
5064
5066
5066
5067
5068
5069
5070
5071
5072
5073
5075
5075
5077
5077
5079
5079
5080
5081
5082
5083
5085
5086
5086
5087
5088
5089
5089
5090
5091
5092
5093
5093
5096
5097
5097
5097
5098
5099
5099
5100
5104
5107
5108
5109
5112
5113
5113
5114
5116
5117
5117
5118
5118
5118
5120
5123
5123
5125
5126
5128
5128
5129
5129
5130
5131
5132
5132
5132
5133
5133
5134
5136
5138
5139
5139
5141
5141
5143
5144
5144
5145
5146
5148
5148
5151
5152
5153
5154
5154
5155
5156
5156
5156
5157
5157
5158
5158
5158
5160
5162
5162
5166
5168
5169
5174
5174
5177
5179
5179
5180
5181
5181
5183
5188
5190
5192
5193
5194
5194
5195
5195
5197
5197
5199
5199
5200
5200
5201
5201
5202
5203
5207
5214
5214
5216
5217
5217
5218
5218
5219
5219
5219
5220
5220
5222
5224
5225
5226
5226
5227
5229
5232
5233
5233
5234
5235
5235
5236
5238
5239
5243
5243
5246
5248
5248
5250
5251
5253
5253
5253
5254
5255
5255
5255
5258
5258
5258
5259
5259
5261
5262
5264
5265
5268
5268
5269
5270
5273
5275
5276
5276
5277
5277
5277
5278
5279
5279
5280
5281
5281
5283
5283
5286
5288
5289
5292
5293
5293
5293
5295
5295
5296
5297
5298
5298
5299
5301
5301
5302
5305
5305
5307
5307
5308
5309
5310
5311
5312
5313
5315
5315
5316
5317
5317
5318
5319
5319
5319
5320
5321
5321
5322
5323
5324
5325
5326
5326
5326
5327
5329
5330
5331
5333
5334
5336
5336
5337
5338
5340
5340
5341
5343
5343
5343
5344
5345
5347
5348
5350
5350
5351
5352
5353
5354
5354
5357
5358
5358
5359
5359
5360
5361
5361
5362
5363
5363
5363
5364
5366
5367
5369
5370
5373
5376
5377
5378
5381
5382
5382
5382
5383
5384
5385
5385
5389
5392
5393
5393
5393
5393
5394
5396
5396
5397
5399
5400
5401
5401
5402
5403
5405
5407
5407
5408
5408
5412
5412
5414
5416
5416
5417
5418
5418
5420
5420
5421
5421
5421
5423
5423
5424
5425
5427
5428
5429
5429
5429
5431
5432
5434
5435
5436
5436
5437
5439
5439
5440
5442
5444
5445
5448
5449
5449
5450
5450
5451
5451
5452
5455
5456
5457
5458
5459
5460
5460
5461
5463
5463
5464
5465
5465
5466
5467
5467
5468
5469
5469
5470
5471
5472
5472
5473
5473
5474
5474
5475
5475
5480
5480
5482
5482
5482
5483
5483
5485
5487
5488
5489
5490
5494
5494
5494
5495
5495
5495
5495
5495
5499
5500
5501
5501
5502
5503
5504
5505
5507
5508
5510
5511
5511
5511
5511
5512
5513
5516
5522
5524
5527
5528
5529
5530
5530
5533
5534
5535
5536
5537
5537
5539
5541
5542
5543
5544
5544
5544
5549
5549
5552
5556
5558
5558
5561
5562
5562
5562
5563
5563
5565
5567
5571
5573
5574
5574
5576
5576
5577
5578
5578
5578
5581
5584
5584
5587
5588
5589
5589
5590
5592
5593
5594
5596
5597
5597
5600
5600
5601
5602
5604
5604
5605
5605
5605
5605
5606
5607
5607
5608
5608
5608
5608
5609
5610
5610
5610
5610
5611
5614
5614
5614
5616
5617
5617
5618
5619
5621
5621
5621
5621
5623
5624
5626
5626
5626
5627
5627
5630
5631
5632
5633
5633
5633
5633
5635
5636
5636
5638
5639
5639
5639
5640
5641
5642
5642
5643
5645
5646
5647
5648
5649
5650
5650
5651
5651
5652
5653
5653
5656
5657
5657
5662
5664
5665
5665
5666
5666
5666
5667
5668
5669
5670
5673
5674
5678
5679
5679
5681
5685
5685
5686
5690
5690
5691
5692
5692
5692
5695
5696
5698
5699
5700
5703
5704
5704
5704
5706
5706
5706
5706
5707
5707
5708
5711
5711
5712
5712
5712
5713
5713
5714
5714
5715
5716
5719
5720
5721
5723
5723
5725
5727
5727
5727
5728
5728
5731
5731
5731
5733
5734
5734
5734
5735
5738
5740
5741
5744
5745
5746
5747
5749
5750
5750
5752
5752
5753
5754
5755
5755
5757
5757
5760
5762
5764
5766
5766
5766
5766
5767
5769
5769
5771
5771
5772
5772
5775
5775
5775
5776
5777
5777
5779
5779
5779
5779
5781
5782
5782
5783
5784
5784
5785
5785
5787
5788
5788
5790
5791
5795
5797
5798
5800
5801
5802
5803
5803
5804
5806
5807
5807
5808
5811
5812
5812
5812
5815
5816
5816
5817
5818
5819
5820
5822
5825
5825
5826
5827
5829
5830
5830
5834
5835
5836
5837
5837
5838
5839
5840
5843
5845
5846
5847
5847
5848
5851
5853
5853
5855
5855
5856
5856
5856
5858
5858
5860
5860
5861
5862
5863
5864
5865
5865
5865
5865
5869
5869
5870
5870
5870
5871
5872
5872
5873
5873
5874
5874
5875
5875
5876
5876
5876
5876
5877
5878
5879
5880
5880
5880
5881
5881
5881
5884
5885
5886
5887
5889
5889
5889
5891
5892
5892
5893
5895
5895
5896
5896
5897
5897
5905
5905
5907
5911
5912
5913
5914
5916
5917
5918
5919
5919
5919
5920
5920
5934
5934
5935
5935
5936
5936
5936
5937
5942
5943
5943
5943
5944
5944
5945
5946
5946
5948
5950
5952
5952
5955
5955
5955
5957
5958
5960
5961
5963
5964
5964
5967
5968
5968
5968
5969
5970
5974
5975
5977
5977
5977
5978
5979
5979
5980
5980
5981
5981
5984
5985
5985
5986
5986
5987
5988
5989
5989
5992
5992
5993
5994
5995
5995
5996
5998
5999
6000
6003
6004
6004
6004
6005
6006
6006
6006
6007
6007
6008
6009
6009
6010
6010
6010
6012
6015
6016
6017
6018
6019
6020
6020
6022
6022
6022
6024
6024
6024
6027
6029
6029
6029
6029
6029
6031
6035
6035
6035
6036
6036
6037
6040
6041
6042
6043
6043
6045
6045
6046
6046
6046
6047
6048
6049
6049
6049
6051
6052
6052
6052
6053
6053
6054
6057
6060
6061
6062
6062
6064
6064
6065
6065
6066
6069
6070
6071
6072
6072
6073
6074
6075
6075
6075
6076
6076
6078
6078
6081
6082
6084
6085
6085
6086
6087
6087
6091
6092
6092
6093
6093
6094
6094
6095
6096
6096
6096
6097
6098
6098
6099
6099
6102
6104
6105
6105
6105
6106
6108
6111
6114
6114
6115
6116
6119
6119
6120
6120
6120
6121
6121
6122
6123
6124
6124
6125
6125
6126
6126
6128
6132
6132
6133
6134
6137
6137
6140
6141
6141
6142
6142
6142
6143
6144
6144
6145
6145
6148
6149
6150
6151
6152
6152
6155
6157
6158
6159
6162
6162
6162
6162
6163
6164
6164
6164
6166
6167
6168
6168
6169
6169
6172
6175
6176
6176
6177
6182
6182
6183
6184
6184
6187
6187
6188
6190
6191
6191
6194
6194
6194
6195
6196
6197
6198
6199
6201
6202
6202
6203
6203
6204
6204
6208
6209
6210
6211
6213
6213
6213
6216
6219
6221
6221
6222
6222
6222
6222
6223
6223
6225
6226
6227
6227
6228
6228
6228
6229
6232
6232
6234
6236
6238
6239
6239
6239
6240
6241
6241
6241
6242
6244
6245
6245
6247
6247
6250
6251
6252
6252
6252
6254
6255
6256
6256
6257
6259
6259
6260
6261
6262
6263
6264
6265
6268
6268
6269
6269
6271
6277
6279
6280
6281
6284
6286
6287
6287
6288
6288
6291
6291
6292
6292
6292
6293
6294
6295
6296
6296
6299
6299
6300
6301
6303
6305
6306
6306
6309
6310
6310
6312
6313
6314
6314
6314
6315
6315
6316
6318
6319
6319
6320
6322
6322
6323
6323
6324
6325
6325
6325
6326
6327
6330
6330
6332
6332
6334
6334
6335
6335
6335
6336
6340
6340
6343
6344
6345
6345
6347
6348
6348
6350
6350
6351
6353
6354
6355
6356
6359
6359
6360
6362
6362
6367
6368
6369
6370
6373
6373
6373
6374
6374
6375
6376
6376
6377
6379
6381
6381
6381
6382
6383
6384
6384
6384
6385
6385
6387
6388
6389
6389
6389
6390
6390
6391
6391
6392
6392
6394
6395
6395
6396
6397
6397
6404
6405
6405
6405
6406
6406
6409
6409
6411
6411
6411
6413
6415
6417
6418
6418
6419
6419
6420
6420
6420
6420
6423
6424
6424
6425
6425
6426
6427
6428
6429
6429
6429
6430
6431
6431
6432
6433
6435
6437
6438
6438
6439
6439
6441
6443
6443
6447
6448
6450
6451
6451
6452
6452
6454
6454
6456
6457
6458
6459
6461
6461
6461
6462
6462
6466
6468
6469
6469
6471
6472
6472
6472
6473
6475
6476
6476
6476
6478
6478
6479
6480
6481
6481
6483
6483
6483
6483
6484
6484
6486
6486
6487
6488
6491
6493
6495
6496
6496
6499
6500
6500
6501
6501
6501
6503
6504
6504
6507
6507
6507
6507
6509
6511
6512
6517
6517
6518
6518
6520
6521
6522
6523
6524
6524
6524
6524
6524
6525
6525
6525
6526
6526
6528
6528
6531
6531
6533
6536
6537
6539
6539
6539
6540
6544
6544
6546
6548
6548
6549
6549
6551
6553
6553
6554
6558
6558
6558
6560
6561
6561
6561
6563
6564
6564
6564
6566
6567
6568
6569
6572
6572
6573
6574
6575
6576
6578
6579
6580
6580
6581
6583
6584
6584
6586
6586
6587
6590
6593
6596
6596
6598
6599
6599
6599
6599
6600
6600
6600
6601
6602
6602
6603
6605
6605
6605
6607
6607
6609
6612
6612
6616
6617
6618
6619
6619
6622
6622
6624
6624
6624
6625
6626
6626
6626
6626
6627
6628
6628
6629
6630
6630
6631
6631
6634
6634
6635
6636
6637
6638
6639
6641
6643
6645
6647
6652
6652
6655
6656
6657
6661
6662
6662
6663
6665
6666
6667
6668
6670
6672
6672
6672
6674
6675
6675
6675
6676
6677
6678
6679
6679
6679
6680
6681
6682
6683
6683
6684
6685
6685
6685
6687
6687
6687
6687
6688
6692
6694
6696
6697
6701
6701
6702
6702
6703
6703
6704
6705
6706
6707
6707
6711
6711
6711
6714
6717
6719
6720
6720
6721
6722
6722
6724
6724
6725
6726
6726
6726
6728
6730
6730
6730
6731
6731
6731
6732
6735
6736
6736
6737
6738
6738
6741
6742
6742
6742
6744
6745
6747
6748
6748
6748
6749
6750
6750
6753
6753
6754
6755
6756
6756
6757
6760
6761
6763
6765
6766
6767
6767
6767
6768
6768
6771
6771
6771
6771
6773
6775
6775
6775
6776
6777
6777
6777
6777
6778
6779
6779
6784
6787
6788
6789
6791
6791
6791
6792
6795
6795
6795
6796
6797
6798
6798
6799
6799
6799
6799
6801
6801
6805
6806
6808
6809
6810
6811
6811
6811
6812
6813
6814
6814
6815
6815
6816
6817
6818
6820
6820
6820
6822
6824
6829
6832
6832
6832
6833
6833
6833
6833
6833
6834
6835
6836
6836
6836
6837
6838
6838
6838
6838
6840
6843
6844
6847
6850
6850
6851
6851
6854
6854
6854
6856
6858
6859
6863
6863
6864
6865
6868
6868
6870
6870
6871
6872
6872
6873
6873
6875
6876
6876
6876
6876
6878
6880
6882
6882
6884
6884
6885
6885
6889
6890
6891
6893
6895
6898
6899
6899
6899
6901
6902
6908
6909
6909
6910
6910
6911
6912
6913
6915
6915
6916
6918
6918
6919
6920
6921
6921
6922
6924
6933
6937
6938
6938
6940
6946
6947
6947
6949
6951
6953
6954
6955
6957
6958
6959
6959
6961
6962
6963
6964
6964
6964
6965
6965
6966
6968
6970
6971
6972
6973
6974
6975
6975
6978
6978
6978
6980
6980
6983
6984
6985
6985
6990
6991
6992
6992
6993
6994
6995
6995
6996
6997
6998
7000
7000
7000
7001
7001
7003
7003
7003
7007
7011
7011
7013
7013
7016
7016
7016
7020
7020
7024
7028
7028
7029
7030
7031
7031
7031
7033
7035
7036
7038
7041
7041
7044
7044
7047
7049
7050
7052
7055
7059
7060
7061
7062
7063
7069
7070
7070
7070
7071
7072
7072
7073
7076
7077
7077
7078
7079
7079
7080
7080
7081
7081
7082
7083
7084
7084
7085
7087
7088
7089
7089
7090
7091
7091
7093
7094
7097
7099
7100
7101
7101
7102
7103
7104
7105
7107
7108
7109
7109
7110
7111
7112
7112
7112
7113
7114
7114
7114
7115
7118
7118
7119
7120
7120
7120
7121
7123
7123
7126
7126
7126
7127
7127
7128
7128
7129
7131
7131
7132
7132
7133
7133
7134
7134
7135
7135
7136
7136
7137
7137
7137
7138
7139
7141
7142
7143
7143
7144
7146
7146
7148
7148
7149
7149
7150
7150
7150
7151
7152
7152
7153
7154
7154
7155
7155
7158
7160
7160
7160
7163
7166
7167
7168
7170
7170
7171
7173
7173
7174
7174
7177
7177
7177
7179
7182
7183
7183
7183
7183
7183
7183
7184
7184
7187
7189
7190
7190
7191
7193
7193
7195
7195
7197
7198
7199
7199
7200
7203
7203
7204
7204
7205
7205
7207
7207
7208
7208
7210
7213
7214
7216
7217
7218
7219
7221
7222
7224
7224
7225
7225
7228
7230
7231
7232
7233
7233
7235
7238
7238
7239
7240
7240
7240
7244
7244
7245
7247
7247
7248
7249
7250
7250
7252
7253
7254
7255
7256
7256
7257
7257
7257
7257
7258
7259
7264
7265
7266
7269
7270
7270
7270
7270
7270
7270
7271
7273
7274
7275
7278
7278
7281
7282
7282
7284
7284
7284
7285
7285
7288
7288
7288
7290
7291
7291
7292
7293
7293
7293
7294
7295
7295
7296
7296
7297
7297
7298
7305
7306
7308
7309
7311
7311
7311
7312
7312
7313
7315
7315
7316
7316
7317
7318
7320
7322
7323
7324
7325
7325
7327
7328
7329
7331
7332
7332
7332
7335
7336
7336
7337
7338
7339
7341
7343
7343
7344
7345
7346
7347
7347
7348
7348
7350
7352
7354
7355
7357
7358
7360
7363
7365
7367
7368
7368
7370
7370
7371
7373
7373
7374
7374
7375
7377
7378
7378
7381
7381
7383
7384
7385
7385
7385
7385
7386
7386
7390
7390
7390
7390
7391
7392
7392
7393
7393
7394
7394
7396
7396
7397
7398
7399
7399
7401
7401
7402
7402
7402
7403
7403
7403
7404
7406
7406
7407
7408
7409
7410
7412
7412
7413
7414
7414
7414
7416
7417
7419
7419
7420
7420
7420
7421
7422
7422
7423
7423
7423
7424
7424
7427
7427
7429
7430
7432
7432
7432
7433
7434
7437
7439
7441
7441
7441
7442
7442
7442
7443
7443
7444
7445
7445
7446
7447
7448
7448
7448
7449
7449
7450
7452
7452
7453
7455
7459
7461
7461
7463
7464
7466
7466
7468
7470
7471
7472
7472
7473
7474
7474
7474
7476
7476
7478
7479
7481
7481
7484
7484
7484
7486
7486
7488
7491
7491
7492
7494
7495
7495
7495
7496
7499
7499
7499
7500
7500
7500
7501
7503
7505
7505
7506
7507
7507
7507
7508
7513
7516
7516
7518
7518
7518
7520
7522
7524
7526
7529
7532
7533
7534
7536
7536
7537
7537
7537
7539
7540
7540
7541
7544
7545
7546
7546
7546
7547
7548
7549
7550
7552
7552
7552
7553
7554
7555
7555
7555
7560
7560
7560
7561
7562
7563
7564
7567
7568
7568
7572
7572
7573
7575
7576
7577
7578
7579
7579
7580
7581
7581
7581
7582
7582
7583
7583
7584
7584
7585
7585
7585
7585
7590
7591
7591
7592
7593
7593
7593
7594
7595
7596
7597
7598
7599
7600
7601
7603
7605
7609
7610
7611
7612
7614
7615
7615
7616
7616
7616
7617
7617
7617
7619
7621
7621
7621
7621
7623
7623
7623
7624
7625
7626
7626
7628
7629
7631
7633
7635
7636
7638
7639
7643
7644
7644
7645
7646
7646
7647
7647
7649
7649
7651
7654
7655
7656
7656
7656
7657
7657
7657
7659
7659
7660
7664
7665
7666
7668
7668
7669
7670
7670
7670
7673
7673
7675
7678
7680
7681
7683
7683
7686
7687
7692
7692
7694
7694
7695
7696
7696
7696
7698
7698
7698
7701
7702
7703
7704
7706
7708
7709
7710
7710
7711
7712
7714
7714
7714
7716
7717
7718
7719
7720
7721
7722
7722
7723
7723
7724
7729
7729
7735
7737
7740
7743
7743
7744
7745
7746
7746
7747
7747
7748
7748
7748
7748
7749
7752
7757
7758
7759
7759
7761
7761
7762
7763
7764
7764
7764
7765
7768
7768
7770
7773
7774
7774
7776
7777
7779
7780
7781
7782
7782
7782
7783
7784
7784
7785
7787
7788
7789
7790
7791
7791
7796
7796
7797
7798
7798
7798
7798
7799
7799
7799
7799
7800
7800
7801
7802
7804
7806
7808
7809
7810
7810
7811
7811
7814
7814
7815
7818
7818
7819
7821
7823
7824
7824
7824
7825
7827
7828
7829
7831
7831
7832
7833
7834
7835
7837
7837
7838
7838
7840
7842
7843
7846
7846
7846
7848
7849
7850
7851
7852
7853
7855
7856
7857
7857
7857
7859
7860
7861
7862
7863
7863
7863
7864
7864
7864
7866
7866
7868
7868
7869
7869
7871
7873
7875
7875
7876
7878
7878
7882
7882
7882
7883
7884
7886
7886
7889
7892
7892
7892
7893
7894
7895
7895
7896
7896
7896
7897
7900
7900
7901
7901
7902
7902
7903
7903
7903
7905
7906
7906
7907
7908
7910
7912
7912
7912
7913
7914
7915
7916
7917
7922
7922
7922
7925
7926
7927
7928
7928
7928
7931
7935
7935
7936
7936
7939
7939
7940
7940
7940
7941
7945
7946
7947
7947
7951
7951
7954
7955
7956
7956
7957
7957
7957
7957
7958
7959
7959
7960
7961
7962
7963
7964
7967
7967
7967
7969
7971
7972
7974
7978
7979
7979
7979
7984
7985
7985
7986
7987
7987
7987
7988
7992
7992
7993
7994
7995
7995
7996
7997
7999
8000
8000
8000
8001
8002
8003
8006
8006
8007
8007
8008
8008
8010
8011
8011
8011
8011
8012
8012
8013
8013
8014
8014
8015
8015
8016
8017
8018
8019
8020
8021
8022
8023
8023
8023
8026
8027
8027
8027
8028
8029
8030
8031
8031
8032
8032
8032
8034
8034
8034
8034
8037
8037
8039
8039
8039
8040
8041
8041
8042
8042
8044
8045
8045
8046
8046
8047
8047
8049
8049
8050
8050
8050
8051
8053
8056
8056
8058
8058
8058
8058
8060
8061
8062
8062
8065
8066
8067
8067
8068
8068
8069
8072
8072
8073
8075
8076
8077
8079
8083
8084
8084
8088
8089
8091
8092
8092
8093
8093
8095
8096
8097
8097
8100
8102
8104
8105
8106
8108
8109
8109
8110
8110
8112
8112
8113
8113
8115
8116
8116
8116
8117
8119
8121
8121
8121
8121
8122
8122
8122
8123
8125
8128
8129
8129
8131
8132
8133
8134
8134
8135
8135
8137
8137
8138
8138
8138
8138
8139
8139
8140
8141
8142
8145
8145
8145
8148
8148
8149
8150
8151
8152
8153
8156
8156
8157
8161
8162
8163
8163
8167
8169
8172
8173
8174
8176
8178
8179
8180
8181
8183
8184
8185
8186
8186
8187
8190
8191
8192
8193
8194
8194
8195
8195
8196
8196
8196
8197
8197
8198
8199
8199
8199
8200
8201
8201
8202
8203
8204
8204
8204
8205
8205
8207
8208
8208
8210
8211
8211
8211
8212
8213
8214
8215
8216
8216
8216
8216
8218
8218
8219
8220
8222
8222
8225
8229
8230
8231
8231
8234
8235
8235
8235
8236
8237
8240
8241
8243
8243
8243
8245
8247
8247
8247
8248
8248
8248
8249
8250
8250
8250
8250
8251
8251
8251
8251
8252
8256
8257
8258
8260
8260
8261
8261
8264
8264
8266
8266
8266
8267
8267
8267
8268
8269
8269
8269
8270
8270
8270
8271
8271
8271
8272
8274
8274
8274
8275
8275
8276
8276
8276
8279
8279
8281
8281
8281
8281
8282
8282
8283
8284
8284
8285
8286
8286
8286
8288
8288
8291
8295
8295
8295
8296
8299
8302
8302
8302
8302
8305
8306
8306
8307
8308
8308
8310
8310
8312
8314
8315
8317
8318
8320
8325
8325
8325
8326
8327
8328
8330
8333
8334
8335
8335
8336
8337
8339
8339
8340
8341
8341
8341
8342
8343
8343
8343
8347
8347
8349
8349
8350
8351
8352
8354
8356
8357
8358
8362
8363
8365
8366
8366
8368
8368
8369
8370
8370
8371
8371
8374
8377
8377
8379
8380
8381
8381
8382
8382
8383
8383
8385
8386
8386
8387
8387
8389
8389
8392
8395
8396
8398
8398
8398
8399
8399
8400
8401
8401
8403
8403
8403
8409
8409
8411
8412
8413
8413
8413
8414
8414
8414
8415
8415
8416
8417
8418
8419
8419
8419
8421
8422
8424
8424
8425
8426
8430
8431
8433
8433
8436
8437
8438
8438
8439
8440
8441
8445
8446
8448
8448
8454
8454
8455
8457
8457
8458
8458
8460
8460
8469
8469
8470
8471
8471
8473
8474
8474
8475
8476
8478
8478
8478
8480
8480
8481
8482
8484
8486
8487
8489
8489
8490
8492
8492
8494
8496
8497
8500
8501
8501
8502
8503
8505
8505
8506
8506
8507
8508
8512
8513
8514
8514
8515
8517
8517
8519
8519
8520
8522
8523
8524
8524
8525
8526
8526
8528
8531
8532
8533
8534
8534
8535
8535
8536
8539
8539
8540
8541
8542
8542
8542
8543
8544
8545
8549
8550
8550
8550
8550
8551
8552
8553
8553
8554
8558
8560
8562
8563
8566
8566
8568
8568
8569
8570
8572
8573
8574
8575
8578
8581
8582
8582
8584
8584
8585
8585
8585
8585
8586
8587
8587
8587
8588
8589
8591
8592
8594
8594
8595
8596
8597
8597
8598
8600
8601
8602
8603
8604
8607
8607
8611
8612
8613
8614
8615
8615
8616
8617
8617
8619
8621
8621
8621
8622
8623
8624
8624
8625
8626
8627
8628
8628
8629
8630
8630
8636
8636
8639
8640
8643
8643
8645
8647
8650
8650
8651
8652
8652
8652
8653
8654
8656
8656
8657
8657
8657
8659
8659
8661
8661
8662
8663
8665
8666
8667
8668
8668
8669
8670
8673
8673
8674
8675
8677
8678
8681
8683
8684
8686
8686
8687
8688
8689
8690
8691
8691
8691
8692
8693
8693
8694
8695
8695
8697
8698
8701
8703
8704
8706
8706
8707
8708
8708
8709
8709
8710
8710
8714
8714
8719
8719
8719
8719
8720
8720
8722
8723
8724
8724
8725
8725
8729
8731
8733
8733
8734
8734
8734
8735
8737
8739
8740
8741
8742
8743
8747
8748
8748
8750
8752
8753
8755
8756
8756
8756
8756
8757
8757
8758
8758
8760
8760
8762
8762
8764
8764
8765
8765
8769
8769
8769
8771
8773
8774
8775
8776
8776
8776
8778
8780
8781
8782
8783
8785
8786
8786
8787
8788
8788
8789
8790
8791
8792
8793
8793
8793
8794
8795
8795
8796
8797
8797
8798
8799
8802
8802
8803
8803
8805
8805
8805
8806
8807
8807
8807
8808
8808
8809
8809
8810
8812
8813
8813
8814
8814
8814
8817
8817
8817
8819
8821
8822
8822
8823
8823
8827
8827
8827
8830
8830
8832
8834
8834
8839
8839
8841
8842
8843
8843
8844
8844
8845
8848
8848
8849
8850
8850
8850
8850
8851
8852
8853
8854
8854
8856
8856
8857
8857
8859
8859
8860
8860
8861
8861
8861
8863
8863
8863
8864
8864
8866
8866
8869
8869
8869
8869
8869
8870
8870
8871
8871
8872
8873
8874
8874
8874
8875
8875
8876
8877
8877
8878
8879
8880
8880
8881
8881
8883
8883
8885
8886
8887
8888
8888
8888
8889
8889
8890
8891
8892
8892
8893
8895
8897
8900
8900
8903
8905
8906
8906
8907
8908
8909
8910
8910
8910
8911
8913
8914
8914
8916
8919
8919
8922
8926
8927
8928
8928
8929
8929
8929
8931
8932
8932
8932
8934
8936
8938
8939
8939
8940
8941
8941
8948
8951
8952
8952
8952
8953
8953
8953
8955
8959
8960
8961
8962
8963
8964
8964
8965
8967
8968
8969
8971
8974
8975
8976
8977
8978
8980
8983
8985
8985
8986
8988
8991
8992
8993
8993
8996
8997
8999
9001
9001
9002
9003
9005
9006
9008
9009
9009
9010
9010
9012
9013
9015
9016
9016
9017
9017
9018
9018
9019
9019
9019
9020
9021
9024
9026
9026
9027
9027
9028
9030
9034
9034
9034
9036
9036
9037
9040
9040
9041
9041
9041
9042
9043
9045
9045
9047
9048
9048
9051
9054
9056
9059
9062
9062
9063
9063
9063
9064
9065
9065
9065
9067
9067
9070
9072
9072
9072
9075
9075
9076
9076
9077
9078
9078
9078
9078
9078
9082
9083
9085
9085
9089
9090
9092
9093
9095
9096
9096
9096
9097
9099
9099
9099
9099
9100
9100
9101
9101
9102
9104
9104
9105
9106
9106
9108
9108
9109
9111
9113
9115
9115
9116
9116
9122
9126
9127
9127
9127
9129
9130
9133
9136
9139
9139
9139
9142
9143
9144
9145
9146
9146
9146
9148
9148
9149
9150
9150
9151
9153
9154
9156
9157
9157
9158
9158
9158
9158
9159
9160
9161
9164
9165
9165
9166
9167
9169
9170
9171
9173
9175
9175
9177
9178
9178
9180
9181
9181
9181
9183
9183
9183
9184
9184
9184
9184
9185
9186
9188
9190
9190
9190
9190
9193
9194
9194
9195
9196
9196
9197
9197
9197
9197
9197
9197
9198
9199
9201
9201
9201
9206
9207
9210
9212
9216
9217
9218
9218
9218
9219
9219
9219
9219
9220
9220
9220
9222
9222
9223
9223
9224
9227
9227
9227
9227
9228
9228
9229
9231
9232
9232
9232
9233
9235
9237
9237
9239
9241
9243
9243
9244
9244
9245
9246
9246
9247
9248
9248
9249
9249
9249
9252
9254
9255
9256
9257
9258
9258
9258
9258
9259
9259
9259
9260
9263
9263
9269
9269
9269
9271
9271
9272
9272
9272
9273
9275
9275
9276
9277
9279
9279
9279
9281
9281
9283
9285
9287
9288
9290
9291
9294
9294
9295
9295
9296
9296
9296
9297
9297
9298
9299
9300
9300
9301
9301
9302
9302
9302
9302
9304
9305
9307
9308
9308
9311
9311
9311
9312
9313
9319
9319
9320
9321
9323
9325
9325
9326
9328
9328
9329
9331
9331
9334
9334
9334
9336
9338
9339
9339
9341
9343
9343
9344
9352
9354
9355
9355
9357
9359
9359
9360
9361
9361
9362
9362
9362
9364
9364
9364
9364
9365
9365
9369
9370
9371
9371
9372
9372
9373
9379
9381
9382
9383
9384
9385
9385
9385
9386
9388
9390
9391
9392
9392
9394
9394
9394
9394
9397
9398
9399
9401
9401
9404
9404
9407
9407
9408
9409
9409
9412
9412
9412
9413
9413
9413
9414
9414
9415
9416
9416
9417
9419
9421
9421
9421
9423
9423
9424
9424
9426
9429
9429
9430
9431
9432
9432
9432
9436
9436
9436
9438
9439
9439
9440
9440
9443
9444
9447
9447
9447
9449
9450
9450
9450
9450
9450
9451
9452
9453
9454
9455
9457
9458
9459
9459
9460
9460
9460
9462
9463
9464
9465
9465
9467
9468
9468
9468
9470
9472
9474
9474
9474
9477
9478
9479
9479
9479
9483
9484
9485
9486
9487
9487
9488
9489
9489
9489
9489
9490
9492
9493
9493
9493
9493
9496
9496
9497
9497
9499
9502
9502
9502
9502
9503
9505
9507
9507
9508
9508
9508
9508
9509
9509
9509
9510
9510
9511
9512
9513
9513
9514
9514
9514
9515
9516
9518
9520
9522
9524
9527
9528
9532
9533
9533
9538
9539
9542
9543
9544
9545
9545
9545
9545
9546
9546
9547
9549
9550
9550
9552
9552
9553
9554
9554
9555
9555
9557
9557
9558
9559
9559
9559
9560
9561
9562
9563
9563
9567
9568
9568
9569
9571
9572
9573
9575
9577
9577
9577
9578
9578
9580
9580
9581
9582
9584
9585
9588
9592
9594
9594
9594
9595
9596
9596
9596
9597
9597
9598
9599
9601
9601
9602
9605
9606
9606
9607
9608
9609
9610
9610
9611
9613
9613
9614
9615
9615
9615
9616
9616
9620
9621
9621
9622
9622
9627
9628
9628
9629
9630
9630
9632
9634
9634
9634
9635
9635
9637
9639
9644
9645
9646
9646
9647
9648
9648
9648
9649
9652
9652
9654
9654
9655
9656
9657
9659
9659
9659
9660
9660
9660
9661
9663
9664
9664
9665
9666
9666
9668
9668
9671
9671
9671
9674
9676
9676
9677
9677
9678
9678
9680
9681
9682
9684
9684
9685
9685
9687
9687
9688
9689
9689
9691
9694
9694
9701
9702
9704
9705
9706
9706
9709
9710
9712
9714
9714
9715
9716
9717
9718
9719
9719
9720
9720
9722
9723
9723
9724
9725
9725
9727
9728
9729
9729
9730
9731
9731
9731
9732
9733
9733
9735
9737
9739
9739
9740
9740
9740
9740
9741
9741
9744
9747
9748
9748
9749
9750
9751
9751
9752
9753
9753
9754
9754
9757
9759
9759
9761
9761
9762
9765
9765
9766
9766
9771
9773
9775
9775
9777
9777
9777
9778
9779
9779
9780
9781
9781
9783
9784
9787
9788
9789
9789
9790
9793
9798
9798
9800
9800
9801
9801
9802
9802
9804
9805
9805
9807
9807
9808
9808
9810
9811
9812
9813
9814
9815
9815
9815
9816
9818
9820
9820
9821
9822
9826
9827
9827
9829
9829
9829
9829
9829
9831
9832
9832
9833
9834
9836
9836
9838
9838
9839
9841
9841
9842
9844
9846
9848
9848
9848
9851
9852
9854
9855
9856
9856
9857
9860
9860
9861
9861
9861
9862
9862
9863
9865
9865
9865
9867
9868
9869
9870
9871
9871
9871
9872
9872
9873
9873
9874
9874
9875
9875
9875
9876
9877
9878
9878
9879
9883
9885
9885
9886
9888
9889
9890
9891
9891
9892
9894
9896
9896
9897
9897
9897
9897
9898
9899
9899
9899
9899
9900
9900
9900
9901
9901
9902
9903
9903
9904
9905
9905
9906
9906
9908
9909
9909
9912
9913
9915
9917
9917
9919
9919
9920
9921
9921
9922
9922
9922
9925
9927
9928
9929
9932
9934
9934
9934
9935
9936
9937
9937
9937
9938
9938
9938
9938
9940
9941
9942
9943
9944
9945
9945
9945
9946
9946
9947
9948
9948
9948
9948
9948
9951
9952
9953
9955
9956
9957
9958
9960
9961
9961
9961
9962
9962
9963
9963
9963
9964
9966
9966
9968
9968
9968
9968
9969
9969
9973
9975
9981
9983
9985
9986
9986
9999

