1000

0
0
0
3
4
6
6
6
8
8
8
9
10
10
11
11
12
14
14
14
14
15
15
15
16
19
19
23
24
25
26
28
28
28
28
29
29
31
32
33
33
34
35
35
37
38
39
40
42
43
44
44
45
45
46
48
48
48
48
53
54
54
54
54
55
57
57
60
64
64
64
65
67
70
79
80
80
80
81
82
83
86
87
89
89
90
90
91
92
93
94
94
95
96
97
98
100
101
102
103
103
106
107
107
108
108
108
110
111
112
112
113
113
113
114
116
117
120
120
121
122
123
124
125
125
126
127
127
128
128
128
129
129
129
132
133
133
137
137
137
138
140
141
141
142
144
144
149
150
150
150
150
151
152
152
152
153
155
158
159
163
164
165
166
167
169
171
172
173
175
175
176
176
177
177
178
179
180
189
192
193
194
195
196
196
197
198
200
200
200
203
203
205
209
210
210
211
211
213
216
217
217
217
218
219
220
220
221
223
223
224
226
226
229
230
230
231
231
231
232
234
235
236
237
238
238
239
240
240
243
244
244
244
245
245
247
247
249
249
250
251
251
252
252
253
253
254
256
257
258
258
260
260
260
261
262
263
266
266
269
272
272
274
274
275
278
281
283
284
285
285
288
288
289
289
289
290
293
293
294
295
295
295
297
298
299
299
299
300
301
303
303
304
304
305
305
307
310
311
312
313
315
316
317
317
318
319
320
321
321
321
322
322
324
324
327
328
329
330
331
331
332
335
335
338
342
342
348
350
352
352
353
354
356
356
357
357
358
358
359
359
360
361
363
363
364
364
365
365
366
366
366
368
370
370
370
370
373
377
377
377
378
379
380
381
381
381
382
382
383
384
384
385
385
385
385
385
390
391
392
393
394
394
394
395
395
396
396
397
397
399
400
400
403
406
407
410
410
410
410
412
412
413
414
415
415
416
418
418
419
419
420
420
421
423
427
431
431
431
434
434
435
437
439
439
440
441
442
444
444
445
447
447
448
450
450
452
453
454
454
454
455
459
459
461
462
463
465
466
466
467
467
468
469
471
473
476
480
480
483
487
489
489
494
494
496
496
498
501
501
501
501
502
503
503
503
504
506
506
507
509
510
511
514
515
515
516
516
517
517
518
518
519
519
520
520
521
522
524
525
525
530
531
531
533
533
534
534
534
536
537
539
540
542
543
543
543
544
544
545
546
547
549
549
550
550
550
551
551
552
553
553
553
554
555
555
556
557
557
557
559
560
560
561
561
562
562
563
563
564
565
566
567
570
571
574
575
576
576
579
580
581
581
583
584
585
587
588
589
589
590
590
591
591
592
593
593
594
594
595
596
597
598
599
599
600
601
603
605
607
609
610
610
612
614
615
616
616
618
620
621
621
622
622
623
623
623
623
625
625
625
627
630
630
631
632
632
633
635
638
639
639
639
640
641
643
643
646
648
649
650
651
651
652
654
656
657
658
659
661
661
661
661
662
662
662
663
666
666
667
669
669
669
670
670
671
671
671
671
675
675
676
676
679
679
679
680
683
684
684
689
690
692
693
695
696
698
698
698
699
699
703
704
704
707
708
710
710
710
710
711
711
711
712
714
714
715
718
719
719
719
720
720
720
720
722
723
725
727
727
728
728
728
729
730
731
731
732
733
734
735
735
737
737
738
738
739
741
742
743
744
745
746
747
747
747
748
748
751
752
752
754
754
755
758
759
759
760
761
761
761
762
762
764
765
766
767
767
767
769
770
770
771
771
773
773
775
776
776
776
777
778
779
780
781
781
783
783
784
784
786
787
787
788
788
788
789
790
790
791
791
795
797
798
798
799
799
800
800
801
802
805
808
808
811
813
813
815
816
818
818
818
819
819
819
820
821
821
824
824
825
825
825
825
827
827
828
828
831
832
832
833
834
835
836
836
840
840
842
844
844
844
845
846
846
847
847
849
849
850
852
852
854
854
855
856
857
857
857
860
865
865
867
868
869
869
870
870
871
871
872
873
874
874
875
876
877
878
878
878
879
879
879
879
880
884
885
889
890
890
891
891
891
897
897
898
898
899
900
900
900
901
901
903
903
904
904
905
905
909
910
911
912
914
915
915
915
917
918
918
920
921
923
924
924
926
928
928
929
929
930
930
934
934
935
936
936
936
939
939
940
941
942
943
947
947
947
947
949
949
950
950
950
951
955
955
956
956
958
958
959
959
960
960
960
961
962
963
963
967
968
968
968
969
970
971
971
972
972
973
973
974
976
976
977
978
979
980
981
983
984
987
989
991
991
992
992
995
996
997

