1000

0
0
0
0
3
3
5
5
6
7
8
8
9
9
11
11
12
12
16
16
18
19
21
21
22
23
25
28
28
29
29
30
31
31
31
33
34
36
36
36
36
37
37
37
39
39
43
43
45
45
45
49
49
50
51
51
52
52
52
53
55
55
56
57
58
58
58
58
60
60
60
62
64
64
65
65
68
69
69
70
70
71
71
72
72
74
74
75
75
77
77
77
78
78
78
79
79
80
81
81
81
82
82
83
84
86
86
87
87
87
88
89
91
91
92
92
92
93
96
98
99
101
102
103
103
105
107
107
108
109
110
111
112
113
114
115
115
116
120
121
121
122
123
125
126
126
127
128
129
129
129
131
134
136
136
136
136
137
137
138
138
138
140
140
141
142
144
145
145
149
149
149
150
150
150
150
151
152
152
152
153
154
154
155
155
156
157
157
158
159
159
160
160
162
163
164
165
166
167
169
170
170
170
171
172
172
174
174
176
176
178
179
179
181
182
183
183
184
184
186
187
187
188
188
189
190
192
195
199
200
201
202
203
204
205
208
210
211
211
212
212
213
214
214
215
215
215
215
216
217
217
218
219
221
222
222
223
226
226
227
227
229
229
229
230
231
232
234
235
236
238
238
239
241
242
242
242
245
245
246
247
248
250
252
253
257
257
258
260
264
264
265
265
266
266
268
268
268
269
270
270
270
272
272
273
274
274
274
277
278
279
280
281
282
282
282
283
284
284
284
285
286
290
291
295
295
296
298
298
299
303
303
303
305
305
305
307
307
307
308
308
309
310
310
310
310
310
310
311
312
312
313
315
316
316
316
316
317
317
319
320
320
320
320
322
322
322
323
324
324
327
327
327
328
334
334
335
335
336
336
336
337
340
340
340
340
341
341
341
343
345
345
346
347
348
348
349
349
350
352
352
354
354
355
355
356
358
358
358
359
359
360
361
361
362
362
362
363
367
367
368
369
369
372
372
372
377
378
379
379
383
385
385
387
387
388
390
390
390
392
393
393
394
396
397
400
400
400
401
403
404
405
405
406
406
406
407
410
411
411
412
412
414
415
417
418
418
418
420
421
421
422
425
426
426
428
431
432
432
435
435
435
435
438
439
440
440
441
442
442
443
446
446
448
448
448
448
450
451
451
452
453
453
453
454
455
455
455
456
456
456
456
457
457
457
458
458
459
460
460
461
464
464
464
465
466
468
468
470
471
471
472
472
474
474
475
475
476
476
476
477
479
481
481
484
485
487
487
488
489
489
489
490
490
491
491
491
491
491
492
492
493
494
497
502
502
507
508
510
510
510
510
511
512
512
513
514
515
516
517
518
521
522
522
522
525
526
527
528
529
531
531
533
534
535
536
538
540
543
543
546
547
547
548
548
549
550
551
551
554
556
560
560
563
564
566
569
569
570
571
572
573
576
576
578
579
582
582
584
584
585
585
587
589
589
590
590
594
594
594
595
595
596
596
598
598
598
600
601
603
611
613
616
617
618
618
620
620
621
622
622
623
624
625
626
626
628
632
632
632
634
635
637
638
638
639
639
640
641
641
643
646
646
646
647
648
648
650
653
653
655
655
656
658
658
658
658
661
663
664
664
665
665
666
666
667
668
668
674
674
674
674
677
680
681
681
681
682
682
683
683
684
685
685
686
686
687
693
693
694
694
695
695
697
697
699
699
700
701
702
702
702
706
707
707
709
710
710
712
713
714
715
716
720
720
721
721
722
722
723
724
724
725
725
726
727
727
728
730
730
732
734
737
738
740
741
742
744
745
747
748
749
750
752
752
753
755
755
756
758
758
761
761
762
764
765
769
770
773
774
776
777
778
778
780
781
782
783
786
789
790
792
795
797
797
797
798
799
799
799
799
800
803
806
806
808
808
810
812
812
813
819
820
823
823
823
825
825
825
826
826
827
827
828
831
833
834
837
838
838
839
840
840
841
842
845
846
846
848
850
852
852
856
857
858
859
861
861
861
864
865
867
868
869
870
870
872
873
875
875
875
876
878
881
883
884
886
890
890
890
893
894
894
896
897
899
900
900
901
903
906
907
908
910
910
911
911
913
914
916
916
917
918
918
918
919
919
921
921
922
922
923
923
925
926
926
930
930
930
931
933
934
936
937
937
938
939
940
941
941
942
942
944
945
949
949
949
950
951
953
954
954
956
956
956
957
958
958
958
964
965
965
965
966
966
967
968
968
969
970
970
972
973
973
974
974
974
975
976
976
977
978
979
980
981
983
985
985
985
986
986
990
993
994
994
994
995
996
999
999

