10000

0
4
6
8
11
11
13
13
18
18
18
20
20
21
22
23
26
28
28
29
30
31
34
37
39
40
45
46
48
49
49
50
51
51
52
52
54
55
56
57
58
58
62
62
63
65
65
67
68
69
71
72
72
73
76
76
77
79
80
81
82
86
86
86
87
88
89
92
93
94
94
94
95
98
100
102
102
103
104
105
105
107
109
109
110
110
110
110
111
112
112
112
113
113
114
115
116
117
118
118
119
119
120
121
121
124
124
126
126
127
128
128
129
130
131
132
133
134
136
137
137
138
140
141
142
144
144
145
145
145
147
148
149
149
152
153
153
154
155
157
157
159
160
161
163
165
167
167
167
170
171
171
172
174
174
174
176
176
176
177
177
178
178
179
180
180
182
185
185
187
188
188
188
188
189
189
190
190
190
190
193
193
194
195
197
199
199
199
199
200
202
203
204
205
206
208
208
208
208
211
211
211
212
212
212
213
216
218
218
219
221
221
221
221
221
222
222
222
223
223
224
224
225
227
227
228
228
228
229
229
230
233
235
235
236
238
238
238
238
239
240
241
246
248
248
249
252
253
257
258
260
260
261
263
265
267
267
270
270
272
273
273
273
275
275
277
277
278
278
281
284
284
285
285
286
287
287
287
288
288
290
291
292
292
293
293
294
298
298
298
299
300
302
303
303
304
304
304
305
305
313
314
316
316
317
317
318
318
322
322
326
326
326
327
327
328
328
330
331
332
333
333
334
335
335
336
340
340
341
345
345
347
348
350
350
351
352
354
354
354
357
359
361
364
365
365
366
366
367
367
369
369
369
372
372
373
375
375
376
378
379
381
383
386
387
388
390
390
392
392
392
392
393
394
398
399
399
400
400
401
401
402
402
402
404
405
405
405
407
408
410
410
411
412
413
414
415
415
416
419
419
419
420
422
423
424
426
428
428
432
432
434
434
435
436
436
439
440
441
441
441
443
445
445
446
449
449
450
451
454
455
456
456
457
457
458
458
458
460
461
462
463
464
464
464
465
465
465
466
468
468
468
471
471
472
473
473
475
475
475
475
478
478
479
480
481
482
482
485
485
485
487
488
488
489
491
492
492
496
497
498
499
499
500
501
502
503
504
504
505
506
506
506
508
509
510
512
512
515
515
515
519
519
521
524
525
525
528
528
529
530
530
531
531
533
534
534
535
536
537
537
539
542
542
543
543
544
545
547
547
547
548
550
554
555
556
557
557
557
557
558
559
560
561
561
562
562
563
564
565
566
567
567
568
569
571
572
573
575
576
577
579
581
581
582
583
585
587
587
588
588
589
589
590
592
594
597
598
599
600
600
602
603
604
604
605
605
606
606
608
611
612
612
612
613
617
621
622
622
623
624
624
624
625
626
626
626
627
627
628
629
629
631
632
632
635
636
636
637
637
638
639
639
640
640
641
641
642
642
643
646
647
647
648
648
650
650
651
652
653
655
655
656
656
657
658
658
663
663
663
664
665
665
668
670
671
674
674
675
675
675
679
681
682
682
682
682
682
683
684
684
685
687
687
689
689
691
691
694
695
696
697
697
698
700
701
701
703
707
707
708
709
712
713
714
715
715
715
716
716
717
719
720
721
723
723
724
726
727
731
731
731
732
734
735
736
740
741
744
746
746
746
747
747
751
752
752
752
753
756
757
759
759
761
762
763
763
763
763
764
764
769
770
772
772
773
776
776
777
777
778
778
780
780
781
781
784
784
785
787
787
787
787
787
788
789
790
792
794
794
794
795
795
795
796
797
798
798
799
799
803
803
803
805
805
805
806
806
806
807
808
808
808
808
808
808
810
811
812
813
814
815
816
816
817
820
821
822
823
825
827
828
829
829
829
830
831
832
833
835
836
836
840
840
840
842
843
845
848
848
848
851
852
853
854
855
856
856
858
859
859
860
860
862
863
865
865
870
870
872
872
873
873
874
875
875
876
876
877
878
878
878
881
884
885
885
886
889
889
889
894
895
899
899
900
900
903
904
904
905
905
905
906
907
907
909
912
912
913
913
916
916
916
918
918
918
918
919
921
921
923
923
923
924
925
925
925
925
927
931
934
934
935
938
938
939
939
941
945
946
947
949
951
952
953
954
960
961
962
963
963
963
965
966
966
969
970
970
971
971
972
972
973
973
973
974
976
977
978
980
983
983
984
985
986
988
988
989
989
989
990
991
991
992
993
993
994
994
997
997
999
999
999
999
1000
1000
1000
1001
1002
1003
1003
1007
1008
1009
1009
1012
1013
1014
1016
1016
1017
1017
1019
1019
1019
1020
1021
1021
1022
1022
1024
1025
1025
1026
1029
1031
1031
1032
1034
1035
1036
1038
1040
1040
1041
1043
1044
1045
1045
1046
1046
1047
1047
1049
1050
1050
1053
1054
1055
1055
1055
1056
1057
1057
1058
1058
1059
1059
1060
1060
1060
1062
1062
1064
1066
1066
1067
1068
1068
1069
1070
1071
1072
1073
1073
1074
1077
1077
1078
1079
1080
1080
1080
1084
1084
1085
1086
1088
1089
1089
1089
1090
1092
1093
1096
1097
1098
1098
1099
1099
1099
1099
1100
1101
1103
1104
1104
1105
1106
1107
1108
1111
1111
1112
1113
1115
1116
1116
1117
1117
1118
1124
1124
1125
1126
1127
1127
1128
1128
1128
1130
1131
1136
1136
1136
1136
1138
1138
1138
1139
1139
1140
1144
1145
1147
1147
1147
1148
1149
1149
1150
1150
1150
1150
1151
1152
1154
1156
1156
1156
1158
1159
1159
1160
1161
1165
1165
1166
1168
1169
1178
1178
1179
1179
1185
1186
1187
1188
1189
1190
1192
1192
1193
1197
1200
1200
1201
1203
1204
1204
1208
1209
1210
1210
1210
1211
1211
1212
1214
1214
1215
1215
1217
1217
1219
1220
1223
1225
1228
1230
1231
1232
1232
1233
1233
1236
1240
1241
1241
1241
1241
1242
1243
1244
1249
1249
1250
1251
1251
1252
1255
1257
1258
1262
1262
1262
1263
1265
1265
1265
1266
1266
1268
1270
1271
1273
1273
1277
1279
1279
1282
1282
1282
1283
1284
1286
1286
1290
1290
1291
1291
1292
1292
1293
1294
1296
1296
1296
1297
1298
1298
1299
1300
1301
1301
1301
1302
1303
1305
1305
1307
1308
1308
1309
1310
1310
1310
1311
1312
1313
1315
1315
1317
1317
1320
1321
1322
1323
1324
1325
1327
1327
1328
1328
1329
1330
1331
1332
1332
1337
1341
1342
1344
1347
1348
1348
1349
1349
1350
1350
1351
1353
1354
1355
1355
1357
1359
1359
1360
1360
1360
1360
1360
1361
1361
1364
1364
1364
1366
1367
1368
1368
1370
1371
1371
1372
1375
1376
1377
1377
1381
1382
1383
1384
1385
1386
1387
1389
1391
1392
1392
1394
1398
1399
1402
1404
1405
1405
1407
1410
1410
1410
1414
1415
1416
1416
1416
1417
1418
1419
1420
1420
1420
1420
1420
1420
1421
1423
1424
1427
1427
1427
1428
1431
1432
1435
1436
1437
1437
1437
1438
1440
1441
1442
1443
1443
1444
1447
1447
1448
1448
1449
1451
1452
1452
1453
1453
1453
1453
1453
1454
1455
1456
1459
1459
1460
1460
1460
1460
1460
1461
1461
1461
1461
1462
1465
1465
1465
1466
1469
1470
1470
1472
1474
1479
1480
1482
1482
1482
1483
1484
1485
1489
1490
1492
1493
1493
1495
1497
1497
1499
1499
1499
1499
1499
1500
1502
1506
1508
1508
1508
1509
1510
1512
1514
1515
1516
1517
1518
1519
1519
1519
1520
1522
1522
1523
1523
1524
1524
1524
1524
1524
1527
1527
1529
1530
1530
1531
1531
1531
1532
1533
1536
1539
1543
1543
1544
1544
1545
1546
1546
1547
1547
1549
1549
1551
1551
1553
1554
1555
1555
1556
1558
1558
1558
1559
1561
1561
1563
1563
1563
1567
1567
1567
1568
1568
1568
1569
1570
1570
1572
1573
1574
1575
1576
1576
1576
1576
1577
1578
1580
1580
1582
1582
1583
1584
1584
1585
1585
1585
1585
1586
1589
1589
1591
1593
1594
1594
1596
1596
1597
1598
1598
1598
1598
1598
1598
1601
1603
1603
1604
1606
1611
1611
1612
1613
1616
1617
1618
1620
1620
1620
1620
1621
1624
1624
1625
1626
1626
1628
1628
1633
1633
1634
1635
1636
1638
1639
1640
1642
1643
1644
1644
1645
1646
1647
1647
1649
1651
1651
1652
1652
1656
1656
1656
1657
1657
1659
1659
1659
1662
1662
1663
1663
1664
1664
1665
1665
1666
1668
1668
1669
1671
1672
1676
1678
1679
1679
1680
1681
1682
1686
1688
1690
1691
1697
1700
1701
1701
1701
1702
1704
1705
1706
1706
1708
1708
1709
1709
1710
1711
1714
1715
1718
1718
1719
1721
1721
1722
1722
1722
1724
1725
1725
1725
1726
1726
1727
1728
1728
1729
1730
1730
1730
1730
1733
1734
1734
1735
1735
1737
1740
1741
1741
1743
1743
1744
1744
1745
1746
1748
1749
1750
1752
1752
1753
1755
1755
1758
1758
1762
1763
1763
1764
1764
1765
1765
1767
1767
1768
1768
1768
1769
1770
1771
1772
1775
1775
1775
1775
1777
1779
1780
1780
1781
1781
1782
1782
1783
1786
1787
1788
1788
1788
1788
1789
1790
1790
1791
1792
1792
1796
1797
1798
1799
1801
1801
1801
1803
1804
1806
1806
1807
1809
1810
1811
1811
1811
1812
1815
1816
1816
1817
1818
1818
1818
1821
1822
1823
1824
1825
1826
1826
1826
1826
1828
1829
1831
1831
1832
1832
1832
1832
1834
1836
1836
1837
1838
1838
1839
1839
1840
1841
1846
1848
1850
1850
1850
1854
1856
1856
1856
1857
1857
1857
1857
1861
1861
1862
1862
1863
1865
1866
1867
1867
1868
1869
1869
1871
1872
1873
1873
1874
1875
1875
1878
1878
1880
1882
1882
1886
1886
1886
1887
1889
1890
1891
1892
1892
1893
1894
1895
1896
1899
1899
1899
1901
1902
1902
1902
1904
1904
1907
1910
1911
1912
1913
1913
1914
1915
1916
1916
1917
1918
1919
1919
1919
1919
1920
1921
1922
1922
1924
1924
1925
1926
1926
1927
1928
1929
1931
1931
1932
1934
1934
1937
1939
1939
1939
1940
1941
1943
1944
1944
1945
1947
1948
1949
1949
1950
1950
1950
1950
1951
1951
1951
1952
1953
1953
1955
1955
1956
1957
1957
1960
1960
1961
1961
1963
1963
1964
1964
1965
1965
1966
1966
1966
1967
1971
1972
1972
1972
1973
1976
1976
1979
1979
1979
1980
1981
1982
1983
1983
1984
1984
1987
1988
1989
1990
1990
1992
1992
1994
1997
1999
2000
2002
2002
2002
2003
2005
2005
2005
2005
2006
2007
2007
2009
2009
2011
2011
2012
2013
2014
2015
2016
2016
2017
2018
2018
2018
2018
2019
2019
2022
2023
2024
2025
2025
2026
2028
2030
2030
2030
2034
2035
2035
2035
2035
2038
2038
2039
2041
2043
2043
2044
2045
2045
2045
2047
2047
2048
2049
2049
2050
2051
2051
2052
2055
2058
2059
2059
2064
2067
2067
2070
2071
2073
2075
2077
2077
2077
2077
2078
2078
2078
2078
2078
2082
2082
2083
2085
2086
2086
2086
2087
2087
2088
2089
2090
2091
2091
2092
2092
2094
2094
2095
2095
2096
2097
2098
2098
2099
2099
2101
2103
2103
2103
2105
2105
2108
2108
2109
2112
2113
2113
2114
2115
2115
2115
2116
2117
2118
2120
2120
2121
2121
2122
2123
2123
2123
2124
2125
2127
2129
2130
2130
2131
2131
2133
2134
2135
2136
2137
2137
2139
2139
2140
2141
2143
2143
2144
2145
2146
2148
2149
2149
2149
2150
2151
2152
2152
2152
2152
2154
2154
2157
2157
2158
2158
2159
2160
2160
2163
2163
2164
2168
2173
2173
2173
2174
2175
2176
2176
2177
2179
2180
2182
2183
2184
2184
2185
2185
2186
2186
2187
2187
2188
2190
2192
2192
2194
2196
2199
2200
2200
2200
2200
2202
2204
2205
2205
2208
2209
2209
2210
2210
2211
2212
2212
2212
2214
2215
2215
2215
2217
2217
2217
2217
2219
2222
2223
2225
2225
2226
2227
2228
2228
2230
2231
2231
2232
2233
2236
2237
2238
2239
2242
2242
2247
2247
2248
2248
2250
2253
2256
2256
2258
2261
2263
2263
2264
2265
2265
2266
2268
2274
2275
2275
2276
2276
2277
2278
2279
2280
2280
2280
2280
2280
2282
2283
2284
2286
2289
2290
2290
2291
2292
2293
2293
2295
2296
2298
2298
2298
2299
2299
2303
2304
2304
2305
2307
2310
2310
2311
2312
2313
2314
2314
2315
2316
2317
2318
2320
2320
2320
2320
2322
2323
2323
2324
2325
2325
2326
2326
2327
2327
2327
2328
2328
2330
2331
2332
2334
2334
2334
2335
2337
2337
2338
2339
2340
2341
2341
2341
2341
2343
2345
2345
2345
2346
2348
2348
2349
2350
2352
2352
2353
2353
2355
2355
2356
2356
2356
2357
2357
2357
2358
2358
2359
2359
2361
2361
2363
2364
2364
2365
2366
2367
2369
2370
2370
2370
2372
2374
2376
2378
2380
2381
2381
2382
2382
2382
2383
2383
2386
2386
2387
2389
2390
2390
2392
2392
2392
2392
2392
2393
2393
2395
2396
2397
2399
2400
2400
2400
2402
2402
2403
2403
2403
2404
2405
2407
2408
2408
2411
2412
2412
2413
2414
2414
2414
2415
2415
2417
2417
2418
2418
2420
2421
2423
2423
2424
2424
2424
2424
2425
2426
2427
2427
2428
2428
2430
2430
2431
2432
2432
2433
2433
2433
2434
2435
2435
2436
2439
2439
2440
2441
2441
2441
2442
2442
2443
2444
2445
2448
2448
2448
2448
2449
2451
2453
2454
2457
2460
2460
2461
2461
2463
2463
2464
2464
2464
2466
2468
2468
2470
2473
2473
2476
2477
2478
2478
2479
2481
2481
2482
2484
2486
2487
2487
2488
2489
2489
2491
2492
2495
2495
2496
2499
2500
2502
2502
2502
2503
2506
2508
2509
2510
2510
2511
2513
2518
2520
2521
2522
2523
2523
2523
2526
2527
2528
2529
2531
2531
2532
2534
2535
2536
2537
2537
2537
2538
2539
2539
2540
2541
2541
2543
2544
2544
2545
2545
2546
2547
2547
2548
2548
2549
2551
2552
2552
2554
2554
2555
2558
2558
2559
2560
2561
2562
2562
2563
2565
2566
2568
2570
2571
2573
2574
2574
2575
2576
2578
2578
2579
2580
2583
2583
2583
2584
2585
2586
2587
2587
2587
2589
2592
2594
2596
2597
2597
2598
2598
2599
2600
2601
2601
2603
2604
2607
2608
2610
2611
2611
2611
2616
2616
2616
2617
2617
2618
2618
2618
2620
2622
2623
2625
2626
2626
2629
2630
2632
2633
2633
2634
2635
2636
2636
2638
2638
2638
2641
2641
2642
2643
2643
2644
2647
2648
2648
2649
2649
2650
2650
2650
2653
2654
2654
2654
2655
2656
2656
2656
2658
2658
2661
2661
2661
2662
2663
2666
2667
2670
2671
2672
2673
2674
2674
2674
2674
2675
2675
2675
2677
2678
2678
2679
2679
2679
2681
2682
2682
2683
2683
2683
2683
2686
2687
2690
2690
2693
2693
2693
2694
2695
2698
2699
2699
2700
2700
2700
2701
2701
2701
2702
2703
2705
2706
2710
2711
2711
2711
2712
2712
2713
2713
2713
2714
2715
2719
2720
2720
2722
2723
2724
2726
2726
2726
2726
2726
2727
2727
2728
2728
2729
2729
2732
2732
2733
2733
2733
2738
2740
2742
2742
2743
2743
2744
2745
2745
2746
2747
2748
2749
2751
2752
2753
2754
2755
2756
2756
2758
2761
2761
2762
2763
2764
2764
2765
2765
2766
2766
2768
2768
2769
2769
2770
2772
2773
2773
2774
2775
2777
2779
2780
2783
2784
2785
2786
2787
2787
2787
2788
2790
2791
2791
2792
2793
2793
2794
2794
2794
2795
2796
2796
2798
2798
2799
2800
2802
2802
2803
2805
2806
2806
2808
2808
2809
2812
2813
2814
2814
2814
2818
2819
2820
2823
2824
2825
2826
2828
2829
2829
2830
2833
2833
2834
2834
2837
2838
2839
2840
2841
2841
2842
2842
2842
2843
2843
2844
2848
2848
2848
2848
2849
2850
2851
2852
2853
2854
2859
2860
2860
2861
2862
2864
2864
2865
2866
2868
2868
2869
2869
2869
2869
2870
2871
2872
2873
2875
2875
2877
2879
2882
2883
2884
2885
2885
2887
2887
2887
2889
2891
2891
2892
2895
2897
2898
2902
2903
2904
2905
2910
2910
2910
2910
2912
2915
2915
2916
2919
2920
2921
2922
2923
2924
2926
2926
2927
2927
2928
2929
2930
2931
2933
2936
2940
2940
2941
2941
2942
2942
2942
2944
2944
2944
2945
2945
2945
2945
2946
2947
2949
2952
2955
2955
2956
2958
2958
2958
2960
2960
2963
2965
2965
2965
2967
2968
2971
2972
2972
2973
2976
2976
2978
2981
2985
2985
2987
2987
2988
2989
2989
2990
2990
2990
2996
2998
2999
3000
3000
3001
3003
3003
3003
3003
3004
3005
3007
3007
3007
3008
3009
3010
3011
3011
3015
3017
3017
3017
3019
3019
3021
3021
3022
3022
3022
3023
3023
3023
3025
3025
3025
3025
3027
3030
3030
3030
3031
3032
3032
3034
3034
3036
3039
3040
3042
3042
3045
3046
3046
3048
3049
3049
3051
3052
3052
3054
3055
3055
3056
3058
3059
3060
3060
3061
3064
3065
3065
3066
3067
3067
3068
3068
3068
3072
3073
3073
3075
3075
3076
3080
3081
3081
3083
3084
3085
3086
3087
3090
3091
3093
3096
3097
3100
3101
3103
3103
3106
3110
3111
3111
3111
3112
3112
3114
3114
3115
3118
3118
3119
3121
3121
3122
3123
3124
3126
3126
3133
3134
3138
3138
3139
3141
3142
3144
3146
3146
3146
3148
3149
3150
3153
3153
3155
3158
3158
3158
3158
3159
3159
3160
3161
3162
3162
3165
3167
3167
3167
3167
3170
3170
3170
3172
3173
3173
3173
3174
3174
3175
3177
3180
3182
3182
3183
3187
3187
3188
3188
3189
3189
3191
3192
3192
3193
3194
3194
3195
3195
3196
3196
3197
3198
3198
3200
3200
3201
3202
3203
3203
3204
3206
3209
3210
3211
3213
3213
3214
3214
3214
3216
3217
3217
3218
3218
3218
3218
3218
3218
3220
3222
3222
3223
3223
3223
3229
3233
3234
3235
3235
3236
3238
3239
3241
3241
3241
3244
3245
3246
3247
3247
3248
3248
3249
3249
3255
3255
3256
3256
3256
3257
3257
3259
3264
3265
3265
3265
3266
3267
3271
3271
3271
3272
3272
3274
3274
3274
3275
3276
3276
3278
3279
3281
3283
3283
3283
3284
3285
3285
3285
3289
3289
3290
3291
3291
3292
3293
3294
3295
3295
3296
3297
3298
3301
3302
3302
3305
3305
3305
3306
3307
3307
3308
3308
3309
3312
3313
3313
3317
3317
3318
3318
3319
3319
3320
3322
3324
3328
3328
3329
3330
3332
3332
3333
3333
3336
3336
3336
3337
3340
3340
3340
3340
3346
3346
3348
3349
3349
3351
3351
3351
3351
3352
3352
3353
3353
3356
3356
3358
3358
3361
3361
3362
3363
3363
3365
3365
3366
3366
3367
3368
3368
3368
3369
3369
3370
3371
3372
3372
3372
3373
3374
3375
3376
3377
3378
3379
3379
3381
3382
3384
3386
3388
3388
3389
3390
3390
3391
3393
3395
3396
3397
3399
3399
3401
3401
3402
3405
3406
3406
3407
3407
3407
3408
3409
3409
3410
3410
3412
3413
3414
3415
3415
3415
3415
3415
3416
3416
3418
3418
3420
3421
3422
3424
3424
3426
3426
3426
3427
3427
3429
3432
3434
3436
3440
3441
3441
3442
3443
3446
3447
3448
3448
3448
3449
3449
3450
3450
3451
3451
3452
3452
3452
3453
3454
3454
3456
3457
3457
3457
3459
3459
3460
3461
3461
3461
3462
3462
3463
3464
3464
3464
3465
3470
3472
3472
3473
3473
3474
3474
3475
3476
3477
3478
3479
3480
3480
3480
3481
3481
3483
3484
3485
3489
3489
3490
3490
3491
3492
3492
3493
3493
3494
3495
3496
3498
3499
3500
3500
3502
3504
3507
3509
3510
3510
3511
3511
3512
3513
3513
3514
3516
3517
3517
3518
3518
3518
3519
3524
3526
3528
3528
3528
3529
3529
3530
3531
3531
3533
3533
3533
3533
3535
3535
3535
3538
3539
3543
3543
3545
3545
3546
3546
3549
3550
3551
3552
3553
3554
3555
3558
3560
3560
3563
3563
3564
3565
3566
3566
3566
3567
3568
3569
3569
3569
3571
3573
3573
3574
3575
3577
3577
3578
3578
3579
3579
3581
3582
3585
3587
3588
3588
3589
3590
3590
3595
3597
3598
3600
3601
3602
3603
3603
3604
3605
3606
3607
3608
3608
3610
3612
3612
3616
3617
3619
3620
3622
3622
3622
3623
3624
3624
3625
3625
3626
3627
3627
3631
3631
3631
3631
3632
3634
3638
3639
3639
3639
3639
3640
3640
3641
3641
3641
3642
3642
3644
3647
3649
3649
3650
3653
3653
3653
3657
3658
3659
3660
3660
3662
3662
3664
3665
3666
3667
3668
3670
3671
3671
3673
3674
3676
3680
3681
3686
3687
3687
3687
3687
3688
3688
3690
3692
3693
3693
3695
3696
3696
3696
3698
3698
3698
3698
3700
3701
3702
3703
3705
3706
3706
3707
3707
3708
3709
3711
3711
3712
3712
3714
3715
3717
3719
3720
3720
3721
3723
3723
3724
3726
3726
3729
3729
3731
3731
3731
3731
3732
3733
3735
3736
3737
3738
3738
3739
3739
3740
3740
3740
3742
3746
3749
3750
3753
3756
3758
3758
3758
3758
3760
3763
3764
3765
3766
3767
3767
3769
3769
3771
3773
3775
3779
3780
3780
3784
3784
3786
3786
3786
3789
3790
3791
3791
3793
3794
3797
3797
3798
3798
3799
3799
3799
3801
3802
3803
3804
3804
3804
3805
3805
3808
3810
3810
3810
3812
3813
3813
3814
3815
3815
3815
3816
3816
3816
3820
3821
3821
3824
3825
3826
3828
3830
3831
3837
3837
3837
3841
3841
3843
3844
3845
3845
3848
3848
3849
3850
3851
3851
3853
3854
3855
3856
3856
3856
3857
3857
3857
3857
3857
3858
3859
3859
3861
3861
3861
3862
3864
3864
3866
3866
3867
3867
3872
3873
3877
3877
3879
3880
3882
3884
3884
3886
3887
3888
3888
3889
3890
3890
3890
3892
3894
3899
3900
3900
3900
3900
3901
3902
3902
3904
3905
3906
3906
3907
3907
3911
3912
3913
3915
3915
3916
3916
3917
3918
3919
3920
3921
3922
3922
3923
3923
3924
3925
3925
3926
3926
3928
3928
3928
3930
3930
3930
3931
3931
3933
3934
3934
3935
3935
3937
3938
3940
3940
3942
3944
3945
3945
3948
3948
3949
3950
3950
3952
3952
3952
3953
3957
3959
3963
3964
3965
3966
3967
3967
3969
3970
3971
3971
3972
3972
3973
3974
3976
3976
3978
3981
3982
3982
3982
3984
3985
3986
3986
3987
3988
3990
3990
3993
3994
3995
3995
3995
3998
4000
4000
4000
4002
4003
4005
4006
4006
4007
4008
4008
4009
4009
4009
4011
4011
4012
4013
4015
4016
4017
4019
4019
4020
4023
4025
4026
4027
4028
4028
4029
4029
4030
4030
4030
4031
4033
4034
4034
4035
4035
4035
4036
4036
4037
4037
4037
4037
4038
4038
4039
4039
4040
4040
4041
4043
4045
4045
4046
4046
4048
4050
4051
4051
4051
4052
4052
4052
4052
4053
4053
4055
4056
4056
4057
4060
4060
4062
4062
4067
4067
4068
4068
4069
4069
4072
4072
4074
4074
4075
4075
4076
4076
4076
4079
4079
4081
4081
4082
4084
4085
4085
4085
4087
4087
4087
4088
4088
4088
4089
4089
4094
4094
4096
4097
4099
4099
4100
4101
4101
4102
4104
4105
4106
4106
4107
4109
4110
4112
4112
4113
4113
4113
4115
4115
4116
4116
4117
4117
4118
4118
4119
4120
4120
4121
4124
4124
4125
4127
4128
4128
4128
4131
4134
4134
4135
4135
4136
4137
4139
4140
4140
4141
4142
4143
4144
4147
4148
4149
4149
4151
4152
4155
4161
4162
4163
4164
4165
4166
4166
4168
4169
4169
4169
4170
4170
4171
4175
4176
4177
4179
4179
4179
4182
4183
4183
4184
4185
4185
4186
4188
4190
4191
4191
4192
4193
4194
4195
4197
4198
4199
4201
4201
4203
4206
4207
4207
4207
4208
4211
4211
4212
4212
4213
4215
4215
4216
4217
4217
4224
4224
4225
4226
4226
4226
4227
4229
4229
4229
4231
4232
4232
4233
4234
4239
4239
4239
4242
4244
4246
4248
4249
4251
4251
4251
4252
4252
4253
4254
4254
4256
4257
4257
4258
4260
4260
4261
4261
4261
4262
4265
4266
4266
4268
4270
4271
4271
4272
4272
4275
4275
4275
4277
4277
4278
4280
4282
4282
4282
4284
4284
4285
4286
4289
4289
4290
4290
4290
4292
4294
4295
4296
4298
4299
4300
4300
4301
4301
4301
4303
4303
4304
4304
4307
4308
4308
4308
4309
4310
4310
4310
4310
4313
4314
4315
4316
4317
4318
4318
4319
4319
4320
4321
4322
4323
4323
4323
4324
4326
4326
4327
4327
4329
4330
4332
4333
4333
4333
4334
4336
4336
4338
4338
4339
4340
4340
4340
4343
4344
4344
4346
4346
4351
4352
4354
4354
4355
4357
4357
4357
4358
4358
4359
4360
4362
4362
4363
4365
4367
4367
4369
4370
4370
4371
4372
4373
4375
4377
4377
4379
4381
4381
4385
4385
4385
4389
4390
4390
4392
4393
4394
4396
4396
4397
4399
4400
4400
4401
4403
4404
4404
4405
4405
4406
4406
4408
4409
4409
4412
4413
4413
4417
4417
4417
4418
4419
4419
4422
4423
4425
4425
4426
4426
4428
4429
4430
4431
4431
4431
4432
4432
4434
4435
4435
4436
4438
4439
4439
4441
4441
4441
4442
4445
4446
4446
4447
4447
4448
4450
4450
4451
4452
4453
4455
4455
4456
4456
4457
4457
4458
4458
4459
4460
4463
4463
4463
4466
4466
4467
4468
4471
4471
4471
4475
4475
4476
4477
4477
4478
4479
4479
4482
4482
4483
4484
4484
4484
4485
4485
4487
4487
4488
4488
4490
4491
4491
4493
4494
4495
4495
4496
4496
4497
4498
4499
4499
4499
4501
4503
4503
4503
4505
4505
4507
4508
4509
4510
4511
4511
4511
4511
4511
4512
4515
4517
4517
4517
4517
4518
4519
4520
4520
4520
4521
4521
4523
4523
4526
4528
4529
4531
4531
4532
4535
4538
4539
4539
4540
4540
4542
4542
4543
4543
4543
4543
4544
4547
4548
4550
4551
4551
4551
4552
4552
4553
4555
4559
4560
4561
4563
4563
4564
4566
4567
4570
4571
4571
4571
4574
4575
4576
4576
4576
4577
4577
4578
4578
4579
4579
4580
4580
4581
4581
4581
4582
4582
4583
4585
4586
4586
4588
4588
4592
4593
4593
4594
4596
4597
4598
4599
4599
4599
4600
4600
4601
4602
4603
4603
4605
4606
4607
4607
4607
4607
4607
4609
4609
4612
4612
4613
4613
4615
4615
4615
4616
4616
4619
4621
4622
4624
4626
4629
4629
4630
4630
4631
4631
4632
4633
4637
4637
4638
4642
4642
4642
4642
4643
4645
4645
4645
4646
4646
4647
4648
4649
4649
4650
4651
4652
4653
4654
4654
4654
4656
4657
4658
4658
4663
4664
4664
4665
4667
4669
4669
4669
4669
4671
4672
4673
4677
4677
4677
4677
4680
4681
4682
4683
4684
4684
4685
4686
4688
4688
4688
4690
4691
4692
4693
4694
4694
4695
4695
4696
4697
4697
4698
4698
4699
4699
4702
4702
4702
4706
4707
4707
4707
4709
4709
4711
4712
4714
4714
4715
4715
4718
4718
4720
4722
4724
4724
4724
4724
4725
4725
4725
4725
4725
4726
4726
4728
4729
4729
4730
4730
4731
4733
4733
4737
4737
4737
4740
4742
4742
4744
4746
4747
4747
4749
4751
4752
4752
4753
4755
4755
4756
4757
4759
4759
4760
4760
4762
4763
4763
4764
4766
4767
4768
4772
4773
4774
4774
4775
4776
4776
4777
4777
4778
4779
4779
4779
4780
4783
4783
4785
4786
4786
4786
4786
4787
4789
4790
4791
4791
4791
4792
4792
4794
4794
4794
4794
4796
4798
4798
4800
4802
4802
4802
4803
4803
4804
4805
4805
4806
4809
4810
4810
4810
4812
4812
4812
4813
4814
4815
4815
4815
4815
4815
4816
4818
4819
4821
4825
4825
4827
4827
4827
4830
4830
4831
4831
4832
4835
4839
4840
4840
4841
4842
4845
4846
4846
4846
4848
4848
4849
4850
4850
4852
4856
4856
4857
4858
4859
4859
4861
4862
4862
4864
4865
4869
4870
4873
4873
4875
4875
4876
4878
4880
4880
4881
4882
4883
4883
4883
4885
4886
4886
4887
4887
4887
4888
4889
4889
4891
4891
4892
4892
4893
4893
4896
4898
4900
4900
4900
4900
4901
4902
4903
4904
4904
4907
4908
4908
4910
4910
4910
4910
4911
4913
4921
4923
4924
4924
4925
4925
4925
4928
4928
4929
4930
4930
4931
4932
4933
4934
4934
4937
4937
4938
4942
4943
4944
4948
4949
4949
4950
4953
4953
4954
4954
4956
4956
4956
4957
4957
4957
4958
4959
4960
4961
4961
4962
4962
4964
4965
4966
4967
4968
4968
4968
4969
4972
4972
4974
4974
4974
4975
4977
4977
4979
4979
4980
4980
4982
4982
4987
4988
4989
4989
4989
4990
4991
4992
4993
4994
4997
4997
4999
5000
5000
5001
5004
5004
5005
5006
5007
5009
5010
5012
5013
5014
5016
5018
5019
5019
5019
5019
5020
5021
5021
5021
5022
5023
5024
5024
5025
5025
5026
5026
5027
5028
5028
5031
5031
5032
5032
5034
5035
5035
5035
5036
5037
5037
5038
5039
5040
5040
5041
5042
5042
5043
5043
5043
5044
5044
5045
5047
5049
5050
5050
5051
5052
5052
5053
5053
5055
5055
5055
5056
5056
5058
5059
5060
5060
5061
5062
5063
5063
5064
5065
5066
5067
5067
5069
5070
5071
5073
5073
5074
5075
5075
5076
5076
5077
5078
5078
5079
5080
5080
5082
5082
5084
5084
5085
5087
5087
5087
5090
5090
5091
5092
5093
5093
5095
5095
5097
5097
5099
5101
5102
5105
5105
5106
5106
5107
5107
5110
5110
5112
5115
5116
5117
5117
5119
5119
5119
5120
5120
5123
5123
5125
5126
5126
5127
5129
5129
5131
5132
5132
5133
5133
5134
5135
5136
5137
5137
5138
5139
5139
5140
5140
5142
5143
5143
5144
5145
5146
5147
5149
5149
5149
5149
5149
5150
5150
5150
5151
5153
5153
5154
5154
5155
5157
5157
5158
5159
5160
5161
5162
5163
5163
5163
5163
5166
5166
5167
5167
5167
5168
5169
5169
5169
5169
5169
5170
5170
5170
5170
5171
5172
5173
5174
5176
5180
5180
5180
5183
5183
5183
5183
5183
5184
5186
5186
5187
5187
5188
5189
5189
5189
5192
5193
5193
5193
5194
5195
5195
5197
5198
5198
5198
5199
5201
5204
5205
5205
5206
5207
5207
5208
5208
5208
5208
5209
5209
5210
5211
5211
5211
5214
5214
5215
5216
5216
5216
5218
5219
5220
5220
5221
5221
5222
5227
5229
5229
5229
5230
5230
5231
5231
5232
5233
5234
5236
5236
5237
5239
5239
5239
5241
5242
5242
5243
5245
5245
5245
5245
5245
5247
5250
5250
5251
5252
5252
5254
5256
5256
5258
5260
5264
5266
5266
5266
5267
5268
5268
5268
5268
5268
5270
5271
5272
5272
5275
5277
5278
5279
5279
5280
5281
5281
5284
5285
5286
5286
5286
5287
5288
5289
5289
5289
5290
5290
5291
5294
5294
5295
5297
5298
5298
5301
5301
5302
5303
5304
5304
5305
5306
5308
5308
5308
5308
5309
5309
5310
5311
5311
5311
5311
5312
5312
5314
5315
5315
5317
5318
5318
5319
5319
5319
5320
5320
5322
5323
5323
5324
5324
5325
5325
5327
5327
5327
5327
5328
5328
5329
5329
5333
5334
5335
5336
5336
5337
5338
5339
5340
5340
5340
5341
5341
5343
5345
5346
5346
5349
5349
5350
5351
5353
5353
5353
5354
5355
5355
5356
5357
5358
5359
5361
5361
5361
5362
5362
5363
5363
5364
5366
5367
5368
5368
5368
5369
5370
5371
5372
5372
5372
5374
5374
5374
5375
5376
5377
5378
5379
5380
5380
5383
5383
5383
5384
5384
5384
5385
5385
5385
5386
5387
5387
5387
5388
5389
5389
5390
5391
5392
5393
5393
5393
5394
5395
5397
5401
5402
5404
5405
5405
5406
5407
5407
5407
5407
5409
5409
5411
5413
5413
5414
5414
5415
5415
5416
5417
5418
5419
5421
5422
5424
5426
5426
5427
5428
5429
5429
5430
5431
5431
5431
5432
5433
5433
5435
5435
5435
5436
5437
5438
5438
5438
5439
5442
5442
5446
5447
5449
5450
5451
5451
5452
5452
5453
5455
5455
5456
5456
5456
5457
5457
5457
5457
5459
5460
5461
5462
5462
5464
5464
5464
5465
5466
5466
5473
5474
5475
5476
5476
5476
5478
5481
5483
5485
5486
5486
5487
5488
5491
5491
5492
5493
5494
5495
5498
5498
5500
5503
5503
5504
5505
5505
5506
5506
5507
5508
5508
5508
5508
5509
5512
5513
5513
5513
5513
5514
5515
5515
5518
5519
5522
5522
5523
5523
5524
5525
5525
5526
5527
5529
5531
5532
5533
5533
5535
5538
5541
5541
5543
5543
5543
5543
5545
5545
5546
5546
5547
5548
5548
5548
5549
5550
5550
5551
5553
5553
5553
5554
5555
5555
5556
5557
5557
5558
5558
5559
5559
5562
5563
5565
5565
5566
5568
5568
5570
5572
5575
5580
5581
5581
5583
5585
5586
5586
5587
5590
5592
5593
5594
5598
5598
5602
5604
5606
5608
5608
5610
5610
5613
5616
5618
5620
5621
5622
5624
5625
5625
5625
5626
5627
5627
5628
5630
5631
5632
5634
5635
5637
5637
5638
5639
5640
5641
5641
5642
5644
5645
5648
5648
5648
5651
5654
5655
5657
5657
5657
5658
5660
5660
5661
5663
5667
5668
5669
5669
5669
5670
5673
5675
5675
5675
5676
5676
5678
5678
5679
5680
5681
5682
5682
5683
5683
5683
5685
5685
5686
5686
5686
5688
5691
5693
5693
5694
5697
5698
5700
5701
5702
5705
5706
5712
5713
5714
5714
5715
5716
5718
5719
5720
5721
5721
5722
5723
5723
5723
5724
5725
5727
5728
5729
5732
5733
5733
5734
5734
5735
5736
5737
5737
5737
5739
5740
5743
5744
5744
5744
5745
5748
5748
5750
5751
5753
5753
5755
5757
5758
5758
5758
5759
5760
5761
5761
5762
5762
5762
5763
5765
5765
5766
5768
5768
5769
5770
5771
5771
5773
5774
5776
5776
5776
5777
5778
5778
5780
5780
5781
5782
5783
5784
5785
5786
5786
5786
5790
5793
5794
5795
5796
5796
5796
5798
5798
5798
5800
5802
5802
5803
5808
5809
5809
5810
5811
5811
5812
5812
5813
5813
5813
5813
5814
5819
5819
5822
5823
5823
5823
5825
5826
5826
5828
5828
5829
5833
5835
5838
5839
5839
5840
5840
5841
5842
5843
5845
5846
5846
5847
5848
5849
5849
5850
5850
5850
5851
5852
5853
5853
5857
5857
5858
5860
5860
5861
5862
5863
5863
5864
5864
5865
5866
5866
5866
5866
5867
5867
5867
5868
5870
5870
5870
5871
5871
5872
5873
5873
5877
5877
5877
5877
5880
5883
5884
5885
5885
5886
5886
5888
5888
5890
5890
5890
5890
5891
5892
5894
5894
5895
5897
5898
5898
5900
5901
5902
5903
5907
5908
5909
5912
5912
5914
5915
5916
5917
5917
5917
5919
5920
5920
5924
5924
5926
5926
5926
5926
5928
5929
5930
5932
5932
5933
5936
5937
5938
5939
5940
5941
5941
5941
5942
5945
5947
5950
5951
5951
5953
5954
5956
5956
5956
5957
5961
5962
5963
5964
5964
5967
5968
5968
5969
5971
5972
5973
5973
5974
5975
5976
5977
5977
5978
5979
5982
5983
5984
5984
5984
5985
5985
5985
5986
5987
5988
5988
5989
5989
5990
5994
5995
5996
5997
5997
5998
5998
5998
6002
6002
6003
6004
6006
6006
6007
6007
6009
6011
6011
6013
6016
6017
6018
6018
6021
6022
6022
6024
6024
6027
6027
6028
6029
6029
6031
6031
6034
6034
6034
6037
6038
6039
6040
6041
6041
6041
6043
6043
6043
6043
6045
6046
6046
6047
6048
6049
6051
6051
6052
6052
6053
6054
6054
6055
6055
6057
6058
6058
6058
6059
6061
6063
6064
6066
6066
6067
6069
6069
6069
6069
6072
6073
6073
6075
6076
6077
6077
6078
6079
6080
6080
6080
6081
6082
6083
6084
6084
6085
6086
6086
6087
6090
6091
6091
6092
6095
6095
6096
6097
6099
6099
6100
6101
6101
6101
6102
6102
6103
6104
6104
6107
6108
6109
6109
6110
6110
6110
6111
6112
6115
6116
6117
6119
6119
6119
6121
6122
6122
6123
6123
6125
6127
6127
6129
6129
6130
6130
6131
6132
6132
6133
6133
6134
6135
6137
6139
6144
6144
6145
6145
6146
6146
6147
6150
6152
6153
6154
6155
6155
6156
6158
6158
6159
6159
6159
6160
6160
6160
6162
6164
6166
6169
6172
6172
6173
6175
6176
6176
6177
6178
6179
6179
6180
6181
6181
6181
6181
6182
6186
6187
6187
6187
6187
6189
6189
6190
6190
6192
6193
6194
6194
6195
6196
6197
6199
6201
6202
6203
6204
6204
6205
6205
6206
6206
6207
6208
6210
6210
6212
6212
6215
6215
6216
6217
6217
6218
6218
6219
6221
6221
6222
6222
6224
6224
6224
6225
6225
6227
6228
6229
6229
6229
6230
6230
6231
6235
6236
6237
6237
6238
6239
6239
6239
6240
6241
6242
6243
6243
6244
6244
6245
6246
6247
6250
6251
6251
6251
6251
6252
6253
6254
6254
6255
6257
6259
6260
6260
6261
6262
6262
6265
6266
6266
6266
6266
6267
6268
6268
6269
6270
6270
6270
6271
6272
6272
6273
6273
6273
6274
6278
6278
6279
6279
6279
6279
6280
6281
6282
6282
6283
6284
6284
6285
6285
6286
6291
6293
6293
6295
6297
6297
6297
6298
6299
6299
6300
6301
6301
6301
6301
6303
6305
6308
6311
6314
6315
6316
6317
6317
6317
6318
6319
6320
6321
6325
6325
6326
6327
6328
6328
6328
6330
6333
6335
6335
6335
6336
6336
6338
6341
6342
6344
6345
6346
6347
6347
6349
6349
6349
6350
6350
6353
6354
6356
6357
6357
6358
6360
6361
6361
6364
6365
6367
6369
6370
6371
6372
6373
6373
6374
6374
6374
6379
6379
6379
6381
6382
6382
6383
6383
6384
6386
6387
6387
6388
6388
6390
6390
6393
6394
6395
6395
6397
6399
6401
6404
6404
6405
6405
6405
6406
6408
6409
6410
6410
6411
6412
6413
6413
6415
6420
6420
6421
6421
6422
6423
6423
6423
6426
6430
6431
6432
6435
6435
6437
6439
6440
6441
6441
6442
6443
6443
6445
6447
6448
6448
6449
6450
6450
6452
6454
6454
6455
6456
6457
6457
6461
6462
6463
6463
6466
6466
6468
6470
6470
6471
6472
6473
6475
6476
6476
6476
6478
6479
6479
6479
6480
6480
6480
6481
6482
6482
6483
6483
6484
6484
6485
6489
6490
6492
6493
6494
6494
6495
6495
6496
6496
6498
6501
6504
6504
6505
6506
6507
6508
6508
6508
6509
6510
6514
6514
6516
6516
6516
6516
6518
6519
6522
6522
6522
6526
6526
6529
6529
6530
6531
6532
6533
6533
6533
6534
6535
6536
6536
6536
6536
6537
6538
6538
6539
6540
6540
6542
6542
6543
6543
6544
6545
6546
6546
6547
6548
6549
6551
6552
6553
6553
6554
6555
6556
6556
6558
6560
6560
6560
6563
6563
6566
6568
6569
6572
6572
6572
6573
6575
6576
6578
6579
6579
6580
6582
6585
6585
6585
6586
6587
6587
6588
6590
6595
6595
6596
6596
6596
6596
6597
6598
6601
6601
6602
6603
6603
6603
6604
6604
6607
6609
6609
6612
6612
6613
6613
6615
6615
6617
6617
6617
6617
6619
6621
6621
6624
6626
6628
6628
6629
6630
6630
6631
6633
6634
6635
6635
6636
6639
6639
6639
6640
6640
6643
6643
6644
6644
6646
6646
6647
6647
6649
6654
6655
6655
6658
6658
6658
6659
6660
6661
6661
6662
6662
6663
6663
6664
6664
6667
6667
6669
6671
6672
6674
6676
6678
6681
6682
6684
6686
6686
6686
6686
6688
6689
6690
6690
6691
6691
6692
6693
6693
6695
6697
6698
6699
6699
6701
6703
6705
6705
6707
6708
6708
6709
6710
6712
6713
6714
6715
6715
6716
6717
6719
6722
6723
6724
6727
6728
6730
6732
6732
6732
6734
6735
6735
6736
6736
6737
6737
6739
6740
6742
6743
6744
6745
6746
6747
6747
6748
6749
6750
6752
6752
6753
6754
6755
6758
6760
6760
6760
6760
6761
6763
6764
6765
6766
6766
6767
6767
6768
6770
6770
6770
6771
6773
6773
6773
6775
6776
6778
6778
6779
6780
6781
6782
6783
6784
6785
6785
6785
6786
6788
6788
6790
6792
6793
6794
6794
6796
6796
6797
6799
6799
6800
6800
6801
6803
6805
6806
6809
6809
6810
6810
6811
6812
6813
6814
6814
6817
6817
6818
6819
6821
6822
6823
6823
6823
6827
6827
6827
6827
6828
6828
6829
6833
6833
6834
6835
6837
6837
6837
6837
6838
6838
6839
6840
6841
6842
6843
6844
6844
6846
6847
6849
6849
6850
6851
6853
6853
6854
6855
6859
6859
6860
6864
6865
6868
6868
6868
6872
6872
6874
6875
6875
6877
6879
6879
6881
6883
6884
6884
6884
6886
6887
6888
6888
6890
6892
6892
6893
6894
6895
6897
6898
6899
6900
6902
6902
6903
6903
6903
6905
6905
6906
6907
6913
6916
6916
6916
6917
6917
6918
6918
6919
6919
6920
6922
6923
6924
6925
6925
6925
6926
6926
6926
6927
6928
6929
6929
6929
6930
6933
6933
6933
6937
6937
6937
6938
6939
6939
6939
6940
6944
6945
6945
6946
6948
6948
6948
6948
6948
6949
6951
6952
6953
6954
6956
6957
6960
6963
6964
6964
6966
6966
6967
6969
6971
6973
6973
6973
6973
6974
6974
6974
6974
6975
6976
6978
6979
6979
6979
6980
6982
6984
6984
6985
6985
6988
6988
6988
6990
6991
6993
6994
6995
6996
6997
6998
6998
6999
7000
7001
7001
7002
7003
7003
7004
7004
7005
7005
7006
7007
7007
7007
7007
7010
7011
7011
7012
7012
7013
7015
7017
7017
7019
7019
7020
7021
7021
7022
7022
7022
7023
7024
7026
7027
7027
7027
7028
7029
7029
7030
7030
7031
7032
7032
7034
7036
7040
7040
7041
7041
7042
7042
7043
7043
7045
7045
7046
7046
7046
7049
7050
7052
7053
7057
7059
7061
7062
7062
7065
7065
7067
7069
7069
7070
7071
7073
7075
7076
7076
7077
7077
7078
7079
7080
7080
7081
7082
7082
7085
7087
7089
7089
7090
7091
7095
7099
7099
7101
7102
7102
7102
7103
7104
7107
7107
7107
7108
7108
7110
7111
7111
7112
7117
7119
7120
7121
7121
7124
7125
7126
7126
7126
7127
7129
7129
7131
7132
7133
7139
7141
7141
7144
7149
7149
7149
7153
7155
7155
7156
7156
7157
7161
7162
7166
7166
7168
7169
7169
7170
7170
7172
7173
7174
7174
7175
7176
7177
7177
7179
7179
7183
7186
7186
7188
7188
7190
7190
7191
7193
7193
7193
7194
7194
7196
7199
7200
7201
7202
7202
7203
7203
7204
7207
7207
7207
7207
7208
7208
7210
7211
7211
7212
7213
7214
7217
7218
7221
7221
7222
7223
7224
7226
7227
7231
7231
7232
7234
7235
7236
7237
7239
7239
7241
7241
7241
7242
7243
7245
7246
7246
7249
7250
7250
7250
7250
7251
7251
7251
7252
7252
7253
7255
7255
7255
7255
7256
7256
7257
7257
7257
7257
7260
7263
7263
7263
7263
7263
7264
7265
7266
7266
7267
7268
7269
7269
7270
7270
7272
7273
7273
7275
7276
7277
7277
7278
7279
7279
7280
7280
7280
7283
7284
7285
7285
7286
7288
7290
7290
7293
7293
7300
7301
7303
7304
7304
7305
7307
7308
7308
7310
7310
7310
7311
7311
7312
7313
7314
7315
7316
7316
7317
7317
7318
7320
7320
7323
7323
7325
7326
7327
7327
7331
7332
7333
7333
7334
7335
7336
7337
7338
7338
7340
7341
7343
7343
7343
7344
7346
7348
7348
7349
7349
7349
7350
7350
7351
7352
7352
7354
7355
7356
7357
7358
7358
7360
7361
7361
7362
7364
7365
7365
7366
7366
7367
7367
7374
7374
7374
7375
7375
7376
7379
7380
7380
7381
7382
7383
7383
7383
7386
7387
7388
7388
7390
7390
7390
7391
7393
7394
7396
7396
7397
7397
7398
7399
7405
7406
7406
7407
7409
7409
7410
7411
7411
7412
7412
7415
7415
7415
7416
7416
7417
7419
7420
7420
7420
7422
7424
7424
7425
7425
7426
7426
7427
7427
7428
7431
7431
7432
7433
7434
7435
7436
7437
7440
7441
7443
7443
7445
7447
7448
7449
7450
7450
7450
7452
7454
7454
7455
7456
7456
7456
7457
7460
7461
7461
7461
7461
7463
7466
7466
7469
7470
7472
7474
7475
7476
7479
7480
7481
7482
7483
7483
7484
7485
7485
7486
7486
7487
7487
7488
7488
7489
7489
7490
7491
7491
7494
7495
7496
7497
7498
7499
7499
7501
7501
7501
7501
7501
7502
7504
7505
7508
7510
7511
7513
7515
7516
7516
7518
7519
7519
7520
7521
7522
7523
7526
7526
7527
7528
7529
7530
7532
7533
7534
7534
7534
7535
7536
7537
7538
7539
7540
7541
7542
7543
7543
7544
7544
7545
7546
7546
7546
7547
7548
7549
7549
7549
7551
7552
7553
7553
7554
7556
7558
7560
7561
7562
7562
7563
7563
7564
7565
7566
7566
7566
7566
7566
7569
7569
7571
7571
7573
7575
7578
7578
7578
7578
7579
7582
7584
7584
7585
7587
7587
7589
7589
7590
7591
7596
7596
7597
7598
7598
7599
7600
7601
7602
7603
7603
7605
7606
7609
7610
7610
7611
7613
7614
7615
7616
7618
7619
7620
7620
7622
7623
7628
7628
7628
7630
7631
7631
7633
7634
7634
7635
7636
7637
7638
7639
7639
7640
7640
7643
7646
7653
7654
7654
7658
7658
7659
7659
7660
7661
7661
7663
7665
7665
7668
7668
7669
7669
7670
7672
7675
7677
7678
7678
7678
7680
7680
7681
7681
7682
7683
7685
7685
7685
7687
7689
7691
7691
7692
7692
7694
7694
7697
7697
7699
7700
7702
7703
7704
7704
7705
7709
7710
7715
7715
7718
7718
7718
7719
7720
7720
7720
7721
7721
7723
7723
7725
7727
7727
7727
7729
7730
7733
7733
7733
7733
7734
7734
7735
7735
7736
7736
7737
7739
7741
7744
7745
7745
7746
7747
7748
7749
7749
7749
7750
7751
7752
7756
7757
7758
7758
7759
7759
7762
7762
7763
7763
7763
7763
7763
7763
7764
7766
7767
7768
7768
7771
7772
7773
7775
7777
7778
7779
7779
7782
7783
7784
7784
7784
7785
7786
7789
7789
7789
7790
7791
7794
7797
7797
7800
7801
7803
7803
7804
7805
7807
7808
7808
7808
7810
7810
7814
7815
7815
7815
7817
7818
7818
7818
7819
7819
7820
7820
7820
7826
7827
7830
7834
7834
7835
7838
7838
7840
7843
7843
7844
7845
7845
7848
7852
7853
7853
7855
7856
7857
7860
7861
7861
7861
7862
7862
7862
7863
7864
7865
7868
7868
7868
7868
7869
7870
7871
7871
7872
7872
7873
7876
7877
7877
7877
7877
7878
7878
7878
7880
7880
7881
7881
7881
7881
7883
7883
7885
7887
7887
7889
7892
7894
7895
7896
7896
7896
7898
7898
7898
7898
7900
7901
7902
7902
7904
7905
7906
7906
7907
7907
7910
7910
7910
7912
7914
7916
7918
7918
7919
7919
7920
7921
7921
7921
7921
7922
7922
7922
7924
7925
7925
7926
7928
7928
7929
7929
7930
7930
7934
7935
7936
7936
7936
7937
7938
7938
7940
7943
7945
7945
7946
7947
7947
7947
7948
7949
7950
7952
7952
7953
7954
7954
7955
7955
7956
7957
7958
7958
7959
7960
7963
7963
7965
7965
7965
7966
7967
7967
7969
7971
7971
7971
7971
7972
7973
7974
7976
7978
7978
7978
7980
7982
7983
7986
7986
7986
7988
7990
7993
7993
7993
7994
7995
7995
7996
7996
7997
7997
7997
7997
7998
8001
8002
8004
8004
8005
8006
8008
8009
8011
8011
8011
8012
8013
8014
8014
8016
8017
8019
8019
8020
8021
8022
8025
8025
8025
8025
8025
8026
8026
8027
8028
8029
8030
8030
8031
8031
8033
8033
8034
8036
8036
8037
8040
8041
8041
8041
8041
8042
8044
8045
8047
8048
8049
8049
8050
8051
8052
8052
8052
8053
8053
8054
8056
8056
8058
8060
8060
8060
8062
8063
8064
8064
8067
8068
8069
8070
8071
8072
8073
8074
8076
8076
8076
8078
8079
8081
8082
8082
8082
8082
8084
8087
8087
8088
8088
8088
8088
8089
8089
8090
8091
8094
8094
8097
8098
8098
8100
8101
8101
8102
8103
8104
8104
8105
8107
8109
8109
8109
8110
8110
8110
8112
8113
8114
8114
8116
8117
8118
8119
8119
8122
8123
8125
8125
8126
8127
8129
8129
8130
8131
8131
8134
8136
8136
8137
8142
8143
8143
8144
8145
8146
8147
8149
8149
8149
8150
8151
8153
8154
8154
8157
8157
8157
8159
8160
8160
8160
8161
8163
8163
8164
8167
8167
8168
8169
8170
8170
8172
8173
8176
8179
8180
8180
8181
8181
8182
8182
8182
8185
8185
8187
8187
8188
8190
8190
8192
8194
8194
8195
8195
8196
8197
8198
8203
8204
8205
8208
8208
8208
8209
8209
8211
8212
8213
8214
8214
8214
8215
8215
8215
8216
8216
8216
8217
8217
8218
8218
8220
8220
8221
8221
8222
8222
8224
8226
8226
8227
8227
8227
8229
8230
8230
8233
8235
8236
8237
8237
8237
8239
8239
8239
8240
8240
8241
8242
8245
8245
8245
8246
8246
8246
8246
8246
8251
8254
8255
8257
8258
8259
8262
8265
8265
8265
8267
8267
8269
8269
8270
8271
8272
8273
8274
8278
8278
8279
8279
8280
8281
8282
8283
8283
8283
8284
8285
8285
8285
8285
8287
8287
8288
8289
8291
8292
8292
8293
8294
8294
8296
8296
8296
8296
8296
8297
8297
8297
8297
8298
8301
8302
8302
8304
8305
8305
8306
8306
8306
8307
8307
8307
8307
8307
8308
8308
8309
8311
8312
8312
8312
8312
8313
8314
8316
8316
8317
8317
8317
8318
8318
8319
8319
8319
8320
8320
8321
8321
8321
8325
8329
8329
8329
8331
8331
8332
8333
8334
8334
8336
8338
8339
8339
8340
8341
8342
8344
8344
8344
8345
8348
8348
8348
8350
8354
8354
8356
8356
8357
8358
8358
8358
8359
8360
8361
8361
8362
8362
8362
8363
8364
8367
8368
8368
8370
8370
8371
8372
8372
8372
8372
8372
8373
8374
8374
8376
8377
8377
8377
8378
8379
8379
8380
8380
8381
8382
8382
8383
8385
8388
8388
8389
8390
8393
8393
8394
8395
8396
8396
8399
8400
8400
8401
8402
8403
8405
8407
8409
8410
8412
8413
8414
8414
8415
8416
8417
8418
8419
8419
8420
8421
8422
8422
8425
8426
8427
8428
8431
8431
8431
8432
8434
8434
8434
8435
8435
8436
8437
8440
8441
8442
8442
8443
8443
8445
8446
8446
8446
8446
8447
8448
8450
8451
8452
8452
8452
8455
8455
8456
8456
8457
8457
8458
8458
8459
8460
8463
8464
8464
8464
8464
8466
8466
8466
8468
8468
8470
8472
8474
8476
8477
8477
8479
8479
8480
8482
8483
8484
8484
8485
8485
8486
8487
8487
8487
8489
8489
8489
8491
8493
8495
8497
8499
8500
8500
8501
8503
8504
8507
8508
8510
8511
8512
8513
8518
8518
8520
8521
8523
8525
8525
8526
8527
8529
8529
8531
8531
8532
8532
8534
8535
8536
8537
8538
8538
8538
8540
8541
8542
8543
8543
8544
8545
8546
8547
8548
8548
8550
8550
8550
8551
8554
8556
8558
8559
8560
8560
8562
8563
8564
8564
8565
8565
8567
8569
8569
8570
8572
8573
8575
8576
8576
8577
8578
8580
8580
8581
8581
8581
8582
8583
8583
8584
8584
8585
8588
8589
8590
8591
8592
8592
8593
8595
8598
8600
8603
8603
8604
8605
8605
8606
8607
8608
8609
8610
8610
8610
8611
8611
8611
8615
8615
8617
8617
8617
8619
8621
8621
8622
8622
8623
8627
8628
8631
8632
8633
8633
8634
8634
8634
8635
8636
8637
8638
8638
8639
8640
8641
8642
8643
8644
8644
8645
8646
8647
8651
8652
8652
8653
8655
8655
8655
8660
8660
8662
8663
8663
8665
8666
8667
8667
8667
8668
8668
8668
8668
8669
8674
8674
8675
8676
8677
8677
8679
8682
8682
8683
8683
8683
8684
8684
8685
8686
8687
8687
8687
8689
8692
8692
8692
8693
8693
8694
8696
8698
8698
8700
8700
8701
8702
8702
8703
8703
8704
8704
8705
8705
8706
8707
8708
8708
8710
8710
8710
8710
8711
8712
8712
8714
8714
8715
8716
8717
8717
8722
8723
8725
8726
8727
8728
8728
8729
8730
8730
8730
8730
8731
8731
8731
8734
8735
8736
8736
8738
8742
8742
8744
8744
8745
8746
8746
8747
8748
8748
8750
8751
8753
8753
8753
8754
8754
8755
8757
8758
8760
8761
8762
8762
8765
8765
8765
8766
8766
8768
8769
8770
8770
8771
8772
8772
8773
8773
8775
8776
8779
8779
8781
8781
8782
8782
8782
8783
8784
8784
8784
8785
8785
8786
8788
8789
8790
8790
8792
8795
8796
8797
8797
8798
8799
8801
8803
8807
8811
8812
8813
8813
8814
8816
8816
8817
8820
8820
8823
8823
8824
8824
8825
8825
8825
8826
8828
8829
8831
8832
8832
8835
8837
8837
8837
8838
8839
8839
8840
8840
8841
8842
8847
8847
8848
8848
8851
8854
8855
8859
8860
8861
8861
8862
8863
8864
8865
8869
8870
8870
8871
8871
8872
8875
8875
8876
8880
8881
8882
8883
8884
8884
8885
8885
8888
8888
8890
8890
8890
8890
8891
8893
8894
8895
8895
8895
8896
8896
8898
8900
8902
8902
8902
8904
8905
8905
8906
8907
8908
8908
8909
8910
8911
8911
8912
8912
8913
8915
8915
8916
8916
8920
8921
8921
8925
8925
8926
8926
8926
8927
8927
8927
8931
8931
8931
8931
8933
8934
8934
8935
8935
8936
8936
8938
8939
8939
8942
8942
8942
8944
8944
8944
8945
8946
8947
8947
8947
8949
8951
8952
8954
8954
8956
8957
8958
8959
8966
8966
8967
8967
8967
8970
8970
8973
8974
8975
8977
8977
8978
8980
8980
8981
8982
8982
8983
8983
8984
8985
8985
8987
8987
8989
8989
8989
8990
8990
8991
8991
8991
8992
8995
8995
8998
9001
9001
9002
9004
9006
9007
9007
9012
9014
9014
9015
9018
9020
9021
9022
9023
9024
9025
9025
9025
9026
9028
9029
9030
9031
9032
9036
9038
9039
9041
9041
9042
9043
9043
9044
9045
9045
9046
9046
9047
9049
9049
9051
9053
9054
9054
9054
9054
9055
9055
9057
9057
9058
9058
9059
9059
9059
9059
9062
9062
9063
9063
9063
9063
9064
9066
9066
9066
9067
9067
9069
9070
9070
9070
9074
9074
9075
9075
9075
9076
9077
9077
9078
9079
9079
9080
9082
9082
9086
9087
9087
9087
9088
9089
9090
9091
9092
9093
9094
9097
9099
9101
9102
9103
9103
9104
9104
9105
9107
9110
9110
9110
9110
9111
9114
9117
9119
9121
9121
9123
9125
9125
9125
9126
9127
9130
9130
9132
9133
9134
9136
9137
9137
9138
9138
9139
9140
9142
9144
9145
9147
9148
9148
9150
9152
9153
9154
9155
9156
9156
9156
9157
9157
9157
9158
9161
9166
9166
9167
9167
9167
9168
9168
9169
9171
9174
9174
9174
9175
9175
9176
9177
9177
9179
9179
9181
9181
9182
9184
9186
9186
9187
9188
9188
9190
9190
9191
9192
9193
9194
9195
9195
9196
9196
9196
9197
9197
9197
9197
9198
9198
9200
9203
9203
9205
9205
9206
9208
9208
9210
9210
9210
9211
9212
9214
9215
9215
9216
9216
9217
9217
9218
9218
9218
9218
9219
9219
9221
9221
9222
9222
9222
9223
9224
9225
9227
9227
9227
9228
9230
9231
9231
9233
9233
9234
9236
9237
9238
9239
9240
9241
9241
9243
9245
9246
9247
9247
9248
9250
9251
9253
9254
9256
9258
9260
9263
9264
9264
9264
9265
9268
9270
9274
9275
9276
9278
9278
9279
9279
9281
9281
9281
9282
9282
9284
9285
9285
9285
9286
9286
9288
9290
9290
9291
9292
9293
9294
9296
9296
9296
9296
9296
9297
9300
9302
9302
9305
9305
9305
9306
9306
9307
9309
9311
9312
9313
9314
9314
9315
9317
9317
9318
9318
9319
9319
9319
9319
9320
9322
9323
9324
9324
9324
9325
9326
9327
9327
9330
9330
9333
9333
9333
9333
9333
9333
9333
9335
9337
9337
9337
9338
9338
9340
9340
9342
9342
9342
9343
9343
9344
9345
9347
9347
9347
9348
9349
9349
9350
9350
9351
9355
9357
9359
9359
9361
9362
9363
9363
9363
9365
9365
9366
9367
9368
9368
9370
9371
9375
9377
9377
9377
9378
9380
9381
9386
9387
9387
9388
9389
9389
9389
9389
9390
9394
9394
9395
9395
9400
9400
9401
9402
9402
9403
9405
9406
9410
9411
9411
9413
9413
9413
9413
9414
9418
9418
9418
9419
9419
9419
9419
9421
9421
9422
9423
9425
9425
9426
9426
9427
9428
9430
9432
9432
9434
9437
9437
9438
9438
9439
9440
9441
9441
9441
9442
9447
9451
9453
9453
9455
9455
9456
9457
9457
9457
9457
9459
9460
9461
9462
9463
9465
9466
9466
9466
9467
9468
9470
9471
9471
9472
9472
9473
9474
9474
9474
9475
9476
9476
9477
9477
9477
9477
9479
9480
9480
9481
9481
9481
9482
9483
9487
9487
9489
9489
9490
9491
9491
9491
9491
9492
9493
9495
9496
9497
9498
9498
9498
9498
9499
9501
9501
9506
9511
9514
9515
9515
9515
9516
9516
9517
9517
9518
9519
9519
9519
9520
9521
9522
9524
9524
9524
9525
9525
9528
9529
9530
9530
9532
9532
9533
9536
9538
9538
9540
9541
9541
9543
9543
9546
9547
9547
9550
9550
9551
9552
9553
9553
9553
9554
9557
9562
9562
9563
9563
9568
9569
9570
9570
9571
9571
9571
9573
9575
9575
9575
9576
9576
9576
9577
9579
9580
9580
9581
9581
9581
9584
9584
9587
9587
9591
9593
9594
9595
9597
9597
9600
9600
9601
9603
9603
9603
9604
9604
9606
9607
9608
9608
9609
9610
9610
9611
9611
9614
9615
9618
9620
9621
9627
9629
9629
9631
9631
9632
9634
9634
9635
9638
9638
9640
9640
9640
9640
9641
9641
9641
9644
9644
9644
9644
9647
9648
9649
9649
9650
9650
9650
9651
9652
9654
9655
9655
9656
9658
9660
9660
9661
9662
9662
9663
9664
9666
9666
9666
9666
9666
9671
9672
9672
9673
9674
9674
9674
9675
9675
9676
9676
9677
9678
9680
9680
9681
9681
9681
9682
9682
9683
9683
9687
9687
9692
9692
9693
9693
9693
9694
9694
9695
9695
9697
9706
9707
9707
9707
9710
9710
9710
9712
9713
9713
9715
9715
9716
9719
9724
9724
9727
9728
9728
9729
9729
9734
9736
9737
9739
9739
9740
9740
9746
9748
9748
9748
9749
9749
9749
9750
9751
9752
9753
9755
9756
9757
9758
9759
9760
9763
9763
9764
9764
9765
9766
9766
9769
9771
9772
9773
9775
9775
9776
9778
9778
9779
9780
9782
9783
9786
9787
9787
9787
9789
9789
9793
9793
9794
9795
9795
9795
9797
9799
9800
9805
9806
9807
9810
9810
9811
9811
9812
9813
9815
9815
9816
9816
9820
9820
9820
9821
9823
9823
9825
9825
9826
9827
9828
9829
9829
9830
9830
9832
9832
9833
9835
9835
9836
9836
9839
9841
9843
9843
9844
9845
9845
9847
9847
9848
9848
9850
9850
9851
9852
9855
9856
9858
9859
9859
9861
9861
9865
9865
9869
9870
9872
9872
9874
9875
9875
9876
9876
9877
9879
9880
9882
9883
9883
9883
9885
9885
9886
9888
9890
9891
9891
9893
9893
9893
9893
9893
9894
9894
9894
9894
9894
9896
9898
9900
9900
9900
9901
9903
9904
9904
9904
9906
9906
9907
9908
9908
9909
9913
9914
9914
9915
9917
9918
9918
9921
9921
9922
9922
9923
9924
9925
9926
9929
9929
9932
9932
9933
9933
9933
9934
9935
9935
9935
9936
9937
9937
9938
9939
9940
9940
9941
9941
9941
9942
9942
9943
9943
9943
9945
9946
9947
9950
9951
9952
9952
9955
9955
9958
9959
9960
9961
9961
9963
9964
9966
9969
9971
9974
9975
9975
9975
9978
9978
9979
9979
9980
9981
9981
9981
9984
9984
9984
9986
9987
9988
9989
9991
9991
9993
9993
9996
9998
9999
9999

