Unsorted sequence:
793
364
178
956
771
341
355
836
489
728
120
902
312
616
347
946
851
672
811
523
736
605
607
633
866
553
412
925
40
153
257
733
295
139
251
258
694
160
138
929
875
598
292
633
562
276
236
646
873
464
484
192
119
842
328
859
262
145
716
127
172
748
0
370
398
292
545
928
300
143
192
563
783
272
801
9
221
486
513
769
531
357
819
486
856
816
254
754
814
615
537
966
297
877
760
412
191
231
174
463
877
324
784
833
750
527
999
429
609
144
364
451
812
979
134
407
583
600
259
310
753
891
321
225
253
929
96
553
661
858
491
963
920
768
687
526
472
219
641
204
951
92
445
370
474
962
176
317
826
413
344
571
979
35
129
288
848
978
617
723
838
508
929
926
968
806
199
255
829
276
488
896
819
864
137
416
318
491
683
398
120
748
961
651
18
977
946
661
478
228
63
235
506
308
968
679
119
323
677
392
953
978
853
295
271
475
204
962
32
819
531
35
468
468
610
234
270
778
265
45
279
75
327
687
363
37
766
534
83
675
184
555
156
399
664
93
886
633
924
47
194
330
767
665
910
682
805
314
652
241
585
591
806
760
960
912
403
430
85
200
585
467
484
988
200
686
100
495
199
102
428
183
917
136
802
489
578
725
789
722
595
605
319
691
721
774
514
862
706
283
626
419
801
330
644
375
258
462
131
736
720
308
24
947
508
411
397
0
314
896
999
645
533
962
539
754
821
286
536
10
662
173
493
635
988
571
838
821
891
413
560
957
92
743
775
768
413
415
636
891
347
369
832
134
928
143
879
906
54
807
537
203
421
447
34
949
416
759
938
550
183
186
96
685
524
922
363
181
12
251
202
495
536
454
208
980
31
830
95
714
112
136
937
9
685
919
381
610
908
609
439
867
119
266
999
520
515
577
922
142
980
881
885
30
325
436
994
945
602
233
480
456
834
517
881
781
458
805
992
160
651
201
542
944
635
555
872
443
322
13
441
781
779
518
160
729
955
82
364
32
313
195
328
504
855
711
881
610
904
551
616
761
864
405
122
113
943
636
118
994
188
743
639
502
343
70
219
212
317
932
782
97
859
73
590
819
10
911
15
978
542
45
270
562
8
983
99
709
213
550
951
665
502
617
953
299
916
584
869
442
503
515
329
257
382
264
352
154
526
27
755
259
952
386
422
129
786
549
879
198
890
603
686
443
827
585
198
587
817
31
476
461
563
214
383
832
722
511
791
871
142
733
553
30
380
704
915
887
110
681
558
786
433
40
659
936
562
938
754
526
526
712
595
621
177
341
158
54
20
197
727
451
462
332
937
804
57
405
907
943
258
539
343
697
281
965
457
605
117
412
624
184
459
299
216
740
851
846
922
893
615
49
361
649
231
796
123
696
444
250
238
431
359
935
265
801
387
437
948
120
424
894
775
903
989
286
845
143
257
332
261
578
104
202
31
220
686
630
643
367
648
844
317
749
125
273
863
416
680
348
979
957
814
705
189
307
905
527
614
715
308
897
449
495
29
26
866
398
985
662
518
853
579
203
383
723
559
221
174
34
675
702
436
279
915
750
13
850
492
948
83
981
847
208
706
178
306
267
114
910
470
358
617
946
304
656
663
637
898
734
656
508
12
113
280
724
104
613
73
962
979
377
269
147
631
753
633
739
520
194
597
424
871
958
320
948
18
401
517
392
613
580
356
940
594
868
670
463
649
134
425
871
891
650
217
10
654
525
901
494
392
34
970
546
187
121
565
589
971
865
160
110
775
109
694
323
534
474
414
494
423
875
77
357
627
222
574
172
839
39
183
417
530
890
606
896
12
895
938
516
321
684
227
578
460
972
487
635
581
526
194
30
295
258
419
212
443
312
706
628
593
926
226
726
733
981
296
392
61
9
377
124
522
240
52
815
180
292
151
52
973
677
417
626
465
261
739
849
7
719
430
376
825
581
327
659
497
193
225
829
822
348
553
879
468
227
424
431
277
406
500
272
601
930
698
77
549
294
127
652
59
577
670
151
224
84
20
15
219
177
695
895
664
600
118
117
723
617
754
568
587
575
913
122
157
716
582
142
962
8
440
305
170
406
201
719
620
962
317
135
752
894
235
610
831
363
851
847
451
110
549
447
234
748
223
88
771
932
959
256
345
702
723
889
819
494
886
107
392
500
946
401
365
744
756
474
917
775
695
866
864
491
791
940
756
59
897
97
309
563
22
85
899
519
720
392
148
53
776
876
833
797
193
903
8
374
766
303
630
581
186
725
669
425
158
185
399
421
114
260
56
872
53
853
775
581
555
162
48
745
452
470
631
400
263
547
919
370
201
959
582
579
996
29
501
656
930
581
420
362
151
45
170
454
157
93
15
808
861
966
173
878
86
30
52
26
379
710
432
951
772
301
187
879
608
537
36
202
478
123
88
574
509
596
123
762
123
846
879
155
674
722
431
657
971
579
194
527
656
36
216
347
813
584
257
860
557
600
236
513
533
475
910
162
266
806
108
507
173
537
896
55
224
466
408
833
561
557
571
576
114
914
289
735
859
638
694
460
927
343
842
455
121
711
580
612
809
690
483
545
438
434
938
764
481
840
550
118
175
598
274
687
842
588
820
782
805
734
220
46
903
620
850
975
362
342
70
438
142
115
735
177
734
267
874
580
390
696
6
881
43
272
355
638
975
620
375
986
197
305
537
595
783
495
176
883
82
827
151
599
305
951
377
6
790
595
396
661
231
725
606
379
470
24
357
122
53
473
280
503
83
934
582
857
563
41
637
829
687
786
951
94
622
630
630
154
506
219
717
483
139
913
692
639
144
68
83
429
865
805
387
940
287
197
679
568
363
900
999
447
501
488
205
320
244
572
76
430
319
969
988
629
152
132
558
607
681
562
216
409
245
548
685
708
813
867
105
614
654
335
470
163
979
958
39
59
945
523
748
744
177
737
491
42
498
777
4
382
556
175
133
210
292
670
270
953
353
328
128
873
82
771
300
405
455
621
384
934
847
328
488
785
308
158
774
923
261
872
924
335
389
856
344
998
747
895
967
383
576
943
836
537
146
362
757
942
596
903
381
281
294
788
804
655
687
983
217
565
293
256
938
851
487
190
680
832
526
429
707
414
617
925
638
526
545
357
125
307
879
551
641
959
981
465
325
494
893
64
563
429
501
872
940
53
329
232
280
359
474
40
776
589
704
18
968
486
266
662
374
698
821
27
415
227
841
409
158
935
765
761
761
832
272
219
194
803
254
131
516
304
683
474
113
411
544
708
759
805
672
792
172
215
229
513
143
480
509
305
184
49
511
209
383
848
785
307
760
580
989
63
733
566
585
200
585
442
174
391
663
893
303
198
363
761
991
177
89
797
829
712
569
860
531
465
711
513
96
50
804
123
888
722
820
816
365
377
372
612
380
76
900
41
618
475
919
943
763
781
58
582
467
152
551
461
895
617
429
627
991
286
460
456
992
1
239
411
384
970
513
670
308
985
120
357
245
297
879
199
702
783
167
419
969
137
829
799
618
218
805
815
837
315
129
24
915
966
472
496
160
778
279
371
324
445
780
577
558
954
115
608
621
608
945
852
95
211
10
160
282
910
282
110
301
860
635
20
684
6
605
708
777
624
49
993
544
416
624
81
61
985
638
203
507
22
13
295
851
183
698
857
800
356
89
801
499
10
674
295
528
691
647
581
293
520
168
415
476
524
53
764
487
795
519
693
806
505
231
378
349
230
209
387
632
974
984
270
553
911
388
164
938
688
607
662
158
816
175
977
492
377
29
290
860
751
27
521
439
740
364
777
136
5
11
684
655
975
159
539
649
899
172
974
990
466
742
222
21
460
834
447
293
417
101
365
248
774
332
388
765
258
2
310
719
310
437
992
736
848
8
750
933
319
37
632
694
593
10
811
905
458
207
553
574
664
907
802
814
869
439
514
87
595
448
67
313
867
560
253
670
883
956
368
226
400
322
437
199
571
896
417
341
158
435
888
471
873
107
920
292
193
552
189
13
828
603
198
417
550
988
546
43
365
688
811
766
443
638
4
167
757
122
46
331
703
120
27
464
951
205
729
842
416
188
150
685
302
673
45
397
115
252
388
386
528
717
622
723
326
196
661
79
884
842
890
597
628
311
343
544
452
925
238
72
387
457
515
327
761
782
977
144
228
813
535
901
239
723
323
964
991
458
959
343
748
527
452
133
8
541
121
899
469
730
381
576
213
507
154
398
469
415
680
647
827
475
788
186
864
247
706
38
627
702
331
79
757
146
727
440
738
441
842
502
465
369
11
908
502
843
373
80
836
2
564
970
401
587
40
108
955
205
787
414
401
665
999
159
457
390
43
882
482
903
239
184
261
604
432
27
784
524
856
414
707
948
608
904
987
835
732
136
757
525
564
954
328
233
623
230
244
370
132
304
285
679
164
655
126
679
410
720
590
501
224
349
967
802
710
504
763
160
964
928
927
101
600
382
544
985
69
823
855
768
678
927
869
274
421
237
557
320
789
812
242
683
802
541
152
67
987
288
107
33
832
281
503
232
427
750
985
970
19
23
865
574
217
818
793
200
534
791
357
119
545
793
612
79
969
518
830
498
549
657
190
768
808
426
872
652
117
993
611
441
731
707
268
763
801
922
737
258
978
46
194
163
583
910
84
773
787
232
769
307
762
484
148
135
630
698
594
626
50
134
815
68
591
599
371
569
601
396
410
873
592
11
128
900
512
379
539
69
851
414
864
884
611
644
991
127
441
399
397
495
6
291
911
538
882
453
318
123
3
980
808
873
937
180
899
293
249
143
818
946
75
775
281
776
330
335
128
448
197
162
661
247
337
814
195
630
807
856
325
343
666
15
850
142
75
523
865
12
29
380
973
157
556
223
353
6
952
376
362
938
211
266
294
309
682
396
9
296
644
735
765
658
3
903
404
846
955
950
175
627
963
152
711
784
987
116
277
251
290
683
220
999
790
242
311
836
262
660
269
714
278
66
957
899
850
19
298
643
968
176
501
46
488
720
481
249
711
347
844
476
796
78
256
236
662
639
639
479
487
266
100
606
91
356
898
346
870
633
1
590
384
58
127
594
986
97
89
235
727
968
500
464
540
788
210
883
223
831
623
156
714
812
169
752
162
881
935
235
671
424
70
866
593
128
626
333
199
303
126
688
241
489
419
681
415
923
798
452
268
961
889
501
183
993
420
613
42
26
250
956
432
306
892
964
902
906
90
719
302
134
275
992
432
594
769
43
947
427
795
964
793
166
94
484
558
321
666
870
742
592
154
129
545
547
272
780
796
697
246
540
106
400
643
781
414
775
217
302
892
11
868
275
137
798
432
737
766
586
692
504
960
459
615
395
385
281
63
268
564
78
425
504
115
526
586
740
723
908
550
59
420
97
79
18
317
157
30
721
51
71
528
22
599
952
256
749
76
704
648
687
633
14
657
59
210
276
800
16
170
72
555
442
786
914
586
129
283
587
587
731
659
585
199
719
571
269
703
653
596
441
298
148
237
226
21
928
994
563
327
747
198
931
190
890
330
723
617
129
307
183
539
374
433
146
489
131
871
155
36
479
146
84
876
874
384
385
887
545
249
900
986
308
413
912
527
950
642
185
971
349
854
968
260
596
759
673
298
685
948
619
167
104
133
429
790
94
966
31
411
269
758
399
757
745
423
655
775
220
676
975
85
768
592
567
824
144
786
190
113
325
238
743
703
312
611
896
872
63
896
827
365
703
219
243
871
600
249
529
738
797
965
916
443
779
947
648
177
148
580
560
138
992
761
517
76
588
542
145
104
779
469
675
465
753
715
540
169
27
701
156
510
585
693
706
593
472
815
299
505
446
953
37
149
822
120
454
822
846
459
196
128
752
216
657
876
299
193
903
536
263
435
515
119
621
493
152
344
515
876
623
980
9
937
923
885
742
441
757
802
698
243
162
385
334
992
123
679
83
894
386
552
193
277
609
454
67
568
598
150
52
854
432
508
401
190
141
344
194
287
174
331
937
582
296
881
272
182
433
256
236
530
415
70
311
333
546
445
520
597
826
912
14
833
501
177
983
535
945
366
870
269
547
584
781
332
641
281
501
247
223
815
861
661
232
26
740
562
964
759
577
435
55
823
926
59
923
865
939
646
667
721
83
951
673
43
586
599
417
861
793
155
614
294
916
673
207
201
380
58
804
91
844
381
963
198
592
490
720
954
429
740
181
960
555
182
979
965
495
415
250
888
789
425
457
186
382
45
714
693
642
81
312
996
966
366
790
61
489
659
635
219
336
992
323
781
602
805
627
618
105
663
92
138
549
933
108
736
231
496
28
709
544
217
936
436
309
539
290
814
4
868
56
284
17
275
665
912
610
459
188
348
633
832
734
906
650
210
707
775
420
308
721
507
199
957
461
207
190
710
600
136
578
238
893
115
915
572
647
343
751
339
995
626
614
685
419
80
98
856
209
489
645
165
76
151
441
973
815
744
746
3
283
540
133
253
886
852
812
668
282
387
568
562
704
596
812
964
809
45
16
709
261
578
361
31
512
11
56
960
999
197
342
506
523
544
907
284
787
580
57
378
940
809
262
66
121
936
807
926
437
136
106
952
330
967
600
36
616
515
446
599
677
312
480
636
124
910
587
254
935
23
431
173
777
757
894
216
665
471
12
476
325
507
209
75
450
792
606
563
188
29
200
736
3
315
31
275
197
108
696
509
716
677
675
24
557
519
92
544
657
115
972
254
225
167
137
748
796
870
536
413
642
41
678
603
981
362
219
808
711
776
182
367
423
668
120
951
420
749
662
624
291
865
771
29
869
73
383
127
568
988
11
230
624
957
639
259
660
179
624
477
686
601
865
32
747
362
291
179
991
0
687
431
623
718
35
310
224
219
557
292
264
376
905
336
431
366
492
726
920
677
404
985
307
505
412
806
571
218
894
781
69
233
71
381
586
62
800
619
141
479
109
185
379
582
980
656
19
494
486
959
122
463
383
330
728
450
599
65
597
839
683
613
553
692
824
153
713
495
11
720
569
843
568
467
151
510
315
264
391
249
540
887
23
44
538
121
67
352
752
812
456
62
551
184
300
616
27
717
220
208
110
861
90
863
90
658
504
932
742
173
810
811
257
653
14
872
900
407
21
338
760
481
34
537
882
641
510
633
637
504
109
391
449
160
71
536
959
949
475
725
387
828
880
7
955
772
7
623
997
62
712
14
238
596
419
347
863
174
558
269
132
12
67
179
722
366
448
254
263
884
647
779
600
137
823
620
611
955
138
645
219
709
777
143
708
292
276
749
2
152
13
271
874
671
104
701
186
391
200
422
215
64
957
871
413
982
877
685
350
558
870
854
409
605
210
374
791
458
66
977
983
571
715
733
491
258
221
544
683
318
173
585
440
484
27
761
28
6
615
173
14
631
354
612
932
412
139
379
112
757
818
401
47
35
187
325
993
59
933
853
407
407
252
93
690
269
33
935
823
276
161
418
315
649
779
932
802
588
935
756
605
222
234
846
404
175
793
420
848
798
187
646
297
167
420
739
173
299
116
605
656
364
534
600
417
261
656
700
429
199
604
788
327
460
196
834
482
753
648
901
904
340
436
550
22
984
681
719
372
601
790
443
369
674
779
208
585
85
322
211
78
87
2
575
621
382
916
793
670
160
281
875
912
863
551
228
48
887
257
789
90
605
89
5
489
385
767
936
105
623
359
336
888
234
451
732
666
888
535
515
769
297
87
886
390
390
169
552
296
255
801
200
890
234
594
600
874
588
286
25
353
391
868
275
420
81
499
85
795
619
851
995
139
395
669
445
798
994
179
447
743
196
926
463
945
326
771
19
985
919
480
79
734
126
47
358
624
496
473
598
991
553
539
800
530
706
660
128
938
500
610
728
58
487
194
152
980
856
698
615
55
422
343
759
449
128
100
470
65
592
889
466
592
452
157
724
490
87
205
231
689
456
338
890
750
967
196
291
944
816
233
958
862
66
319
232
402
918
977
781
193
889
947
971
849
47
341
965
679
614
399
760
266
527
771
94
17
41
995
615
97
974
851
974
446
217
379
266
79
1
997
52
237
650
870
331
14
68
197
491
878
513
219
529
912
803
536
498
689
286
109
543
795
499
204
75
733
204
261
363
861
922
451
61
442
162
488
685
203
874
518
56
296
278
511
537
536
389
760
220
177
798
818
997
480
138
735
62
903
40
392
276
474
326
734
364
147
643
892
876
363
268
90
616
796
53
860
957
277
558
365
794
538
130
913
927
11
851
46
948
582
126
171
108
678
273
705
615
642
722
190
918
284
250
944
269
610
197
902
353
460
342
891
56
157
636
689
26
458
657
401
240
12
567
548
213
423
432
375
36
571
97
654
141
521
137
572
481
846
936
632
445
691
624
769
641
181
218
183
777
393
668
608
390
520
747
606
315
41
939
735
133
294
916
435
270
876
196
963
140
491
491
851
889
880
85
917
717
623
902
429
708
150
367
386
232
339
688
415
229
792
0
604
812
307
539
777
207
385
476
414
260
122
235
509
97
193
486
176
313
63
842
201
377
571
692
984
895
111
893
679
677
439
319
749
740
875
655
833
334
165
182
248
921
307
867
603
244
30
78
450
51
95
466
595
565
58
284
614
556
10
948
243
755
162
957
744
62
286
957
785
495
857
399
177
236
230
484
947
471
96
806
93
453
883
355
138
980
705
415
833
34
947
689
194
983
703
100
919
605
114
974
664
395
438
593
820
5
835
449
814
808
129
433
183
436
240
882
636
806
178
404
646
704
707
124
983
744
919
251
306
488
19
692
617
892
752
80
120
381
922
996
301
293
838
453
174
97
869
259
561
355
114
19
207
427
258
366
701
373
301
783
312
76
988
485
269
609
266
199
964
600
895
402
924
218
311
656
434
500
573
384
394
723
569
667
171
545
176
635
197
141
276
354
388
403
695
37
245
258
989
4
247
714
483
761
913
725
354
460
776
71
779
70
799
621
592
888
889
737
279
912
697
627
15
896
23
146
159
62
968
668
661
938
168
911
582
731
895
899
323
426
197
109
367
816
990
529
169
778
809
1
789
966
40
449
218
114
775
241
363
320
764
876
209
693
834
545
120
680
654
603
678
343
188
78
515
684
295
183
607
9
833
385
696
337
213
387
560
25
145
916
274
51
968
266
330
653
804
941
863
939
990
437
770
140
351
285
271
526
222
63
224
806
891
451
305
704
961
408
251
97
48
764
126
708
624
154
788
45
591
318
222
119
168
282
89
148
782
343
974
207
226
195
946
115
504
730
404
750
514
484
413
124
893
917
62
413
159
63
895
264
817
730
862
446
613
590
519
659
334
273
898
207
782
481
872
158
687
862
384
946
242
853
984
169
987
662
49
516
41
652
37
584
187
443
700
413
149
936
553
461
497
182
476
628
483
509
168
46
275
356
680
298
654
961
69
983
578
286
117
994
61
981
531
982
989
981
216
344
808
817
748
95
859
628
581
91
481
377
808
958
656
412
461
896
12
738
51
350
969
737
710
626
891
137
520
996
421
503
89
429
679
544
48
194
188
503
933
129
869
233
273
14
884
221
470
955
257
82
514
228
748
314
691
497
204
847
417
774
214
236
986
220
775
879
174
916
653
136
252
472
362
403
64
798
539
818
807
660
811
852
622
2
576
46
920
442
295
201
364
882
991
992
798
385
496
562
541
606
772
776
473
603
96
931
54
250
369
57
851
762
592
464
699
258
478
178
207
167
921
885
369
456
450
78
210
805
639
557
140
417
483
385
634
840
820
95
381
53
919
371
728
492
928
106
186
26
763
376
961
656
162
953
639
167
60
182
700
630
820
834
469
140
412
759
567
423
125
34
419
667
145
310
20
530
836
333
546
570
760
959
443
971
121
497
910
701
943
585
753
53
381
763
621
20
511
610
367
109
964
765
597
506
367
908
309
261
457
35
45
553
112
40
483
134
265
631
575
335
204
883
415
200
486
764
131
759
635
779
652
819
858
229
469
890
892
632
843
465
993
414
872
856
71
645
727
398
461
415
978
512
331
671
710
312
132
279
823
479
869
828
241
145
709
791
843
653
646
686
47
626
506
712
304
258
903
241
610
857
848
191
256
994
237
213
113
132
566
754
354
766
290
972
319
469
994
931
325
309
368
106
714
562
67
38
738
892
319
343
626
934
606
450
626
160
569
891
815
271
966
741
839
284
112
125
661
440
119
606
40
296
341
159
810
472
313
767
42
814
296
242
927
393
878
44
64
508
291
116
897
373
680
788
690
112
561
953
641
971
630
233
158
339
16
503
673
973
711
869
507
723
581
435
109
639
905
63
926
752
547
88
584
586
969
99
11
834
13
240
696
578
252
842
384
101
837
40
125
243
343
256
274
934
62
58
29
522
506
592
64
463
601
75
585
540
123
988
914
295
459
899
195
410
681
133
146
49
536
291
568
381
39
280
478
458
63
907
140
775
68
760
890
735
155
253
694
244
868
746
661
126
826
429
389
984
625
810
77
714
168
550
831
993
338
504
428
372
501
765
679
226
293
62
458
732
16
141
416
590
889
545
732
951
729
33
673
295
595
373
281
948
550
15
49
222
987
665
840
467
873
65
23
236
708
252
217
914
833
39
434
460
86
967
421
549
81
779
870
10
0
907
464
381
829
334
279
614
422
523
138
705
612
752
326
679
733
94
397
172
671
731
191
552
42
112
460
394
376
839
886
784
382
407
968
502
517
434
24
876
687
577
991
132
570
924
657
996
782
896
896
931
109
227
822
156
198
666
751
937
500
162
260
401
55
728
120
265
501
853
154
257
772
326
908
900
295
496
577
951
101
984
143
764
783
163
279
260
853
839
527
765
140
860
385
902
10
963
232
910
127
384
103
622
14
87
146
576
772
986
856
758
116
504
919
374
128
394
138
922
966
662
276
84
171
879
60
496
356
373
455
24
457
63
873
343
735
543
861
135
458
82
934
381
361
573
722
794
583
231
717
419
246
196
162
675
389
143
243
283
420
217
364
220
955
438
586
855
320
300
350
995
317
741
128
785
715
137
812
28
629
852
133
771
986
378
734
230
52
365
348
939
775
423
409
683
705
442
158
426
125
357
515
738
744
902
791
861
127
921
200
788
616
251
393
247
409
705
871
424
947
291
896
166
818
259
518
29
802
425
61
642
804
780
358
444
299
414
524
875
437
239
908
83
951
484
554
999
395
979
504
423
190
118
154
618
761
13
340
838
442
11
910
336
642
173
681
40
125
580
9
777
923
875
410
965
325
765
613
12
869
575
207
583
146
547
926
364
274
928
316
306
922
311
222
781
169
340
413
732
291
940
390
13
759
446
516
407
551
858
420
509
320
956
200
968
639
295
240
536
569
524
389
645
817
205
640
698
397
473
546
267
685
188
798
480
674
613
22
937
283
628
514
163
758
742
784
740
645
787
719
112
47
599
250
808
376
906
776
93
492
475
823
53
450
387
825
38
223
163
664
858
248
785
263
720
624
430
500
993
393
868
504
269
503
643
549
379
938
710
643
760
346
543
754
935
629
790
901
366
78
33
887
287
394
91
897
930
459
931
183
326
200
327
647
150
927
448
522
537
675
485
379
575
63
206
750
401
747
646
514
228
873
234
180
991
503
374
561
612
65
858
149
679
922
507
581
49
549
157
211
194
934
731
248
433
322
860
222
513
108
181
246
31
295
897
387
524
827
492
617
276
267
211
297
355
302
918
568
223
148
524
251
768
392
868
963
144
748
627
878
443
980
443
958
16
114
233
596
374
742
635
281
431
245
200
391
520
507
72
953
333
229
302
381
632
994
365
538
797
848
254
640
511
418
390
209
84
763
550
440
823
867
648
719
398
117
157
197
829
995
763
334
354
244
404
270
105
14
936
809
731
170
333
697
164
69
139
528
990
542
863
417
110
817
207
424
204
836
877
757
510
587
984
819
251
610
557
814
875
620
221
855
495
854
18
470
562
886
552
391
767
271
88
423
863
322
191
968
232
593
706
874
969
941
660
221
394
867
218
336
624
119
884
234
945
499
475
186
685
102
121
878
665
619
929
668
18
659
17
526
424
695
994
916
69
774
728
120
954
654
468
421
779
630
259
961
465
634
94
329
822
918
627
80
945
255
602
75
265
136
594
898
393
777
676
342
44
233
269
746
8
981
892
208
405
856
969
686
227
730
292
395
661
316
86
277
732
72
56
544
88
288
834
137
157
811
909
533
876
270
310
691
251
21
731
830
710
23
75
588
727
443
500
319
817
151
979
503
81
748
296
610
344
903
4
787
244
735
383
81
373
861
946
688
931
434
844
491
302
62
157
81
103
165
969
219
799
262
76
196
948
308
178
309
540
727
267
439
239
894
675
696
402
240
542
916
87
128
329
71
684
993
883
488
312
106
701
260
5
408
11
693
864
727
105
26
393
203
820
325
915
51
114
446
472
734
544
909
493
675
383
871
959
615
991
593
195
974
195
512
652
856
46
145
466
578
325
167
278
766
260
941
412
131
901
490
133
475
298
795
17
264
506
135
690
69
832
42
66
71
489
432
876
219
608
53
216
567
625
566
584
327
33
710
94
565
873
446
779
341
293
186
299
363
693
902
4
459
147
908
450
340
904
707
948
484
512
194
833
93
302
153
99
510
484
573
107
98
654
290
327
218
69
815
976
235
322
704
489
505
574
545
381
287
856
363
493
54
749
745
334
869
367
687
267
9
462
497
108
502
817
154
554
983
44
261
525
803
505
27
743
369
668
44
170
818
775
278
961
201
345
839
731
857
460
800
857
64
855
36
644
137
946
701
731
483
874
164
735
50
213
329
470
740
616
399
612
957
369
757
423
872
784
362
135
283
675
972
371
664
825
963
92
608
20
262
838
533
245
3
116
23
745
419
190
258
450
958
162
704
954
204
416
118
144
920
195
623
295
786
978
806
677
917
386
963
856
188
863
279
73
992
704
375
237
226
286
217
94
407
575
326
608
169
994
469
371
826
286
741
669
310
545
513
107
978
628
278
645
78
722
774
450
62
636
651
741
952
887
244
718
673
770
231
203
655
248
392
885
583
394
489
889
807
561
286
651
740
458
534
694
23
61
539
874
532
401
180
591
332
191
405
939
511
343
56
623
289
524
913
909
181
760
505
675
847
170
938
809
795
292
630
967
52
828
555
906
251
76
878
241
423
617
256
860
420
337
907
419
516
248
339
231
525
854
656
811
423
709
484
3
258
706
768
956
66
922
859
109
124
679
264
20
438
260
175
397
363
228
663
711
308
9
832
531
48
17
805
287
586
371
786
546
258
828
219
719
16
957
99
493
832
60
975
220
631
549
473
437
276
34
180
328
889
452
270
455
443
243
559
516
934
161
117
902
358
845
798
90
245
809
359
376
378
237
215
589
727
171
357
576
856
470
572
373
812
511
82
993
270
817
305
520
146
663
824
902
807
717
105
967
615
768
999
579
677
142
627
591
291
629
549
719
281
668
5
757
665
353
962
0
430
69
687
106
847
142
51
32
790
753
15
144
504
20
581
579
952
740
550
165
441
138
436
433
127
502
623
848
118
316
340
389
681
983
941
588
679
254
473
7
105
371
411
569
78
892
574
313
10
584
197
587
212
714
76
806
714
748
273
814
38
946
411
418
347
734
390
5
341
336
24
547
908
421
474
227
117
25
259
105
938
569
255
474
764
551
184
509
795
719
655
279
271
349
986
548
399
991
881
413
764
471
550
526
314
561
271
587
949
408
496
309
719
89
901
490
434
821
462
601
185
621
358
372
187
893
816
949
798
518
443
818
905
168
383
47
602
282
614
100
315
347
534
44
775
777
583
908
81
205
392
640
551
547
196
647
416
799
444
174
889
838
589
803
24
675
1
634
223
295
260
272
545
809
268
508
48
288
965
744
449
806
865
24
739
852
833
235
633
336
189
415
567
119
585
303
954
368
965
646
452
635
318
380
753
756
351
46
52
274
294
952
183
216
424
490
343
112
23
926
281
519
985
562
407
113
518
630
983
915
48
158
148
855
916
733
138
966
889
215
192
801
44
847
241
567
257
907
111
323
351
197
622
753
9
358
588
910
987
975
762
655
348
877
874
614
921
607
398
324
891
413
564
694
832
200
47
203
400
330
345
144
814
766
666
492
326
566
84
719
96
789
547
326
27
616
816
116
316
119
396
488
723
659
190
485
78
558
437
372
13
24
77
525
811
180
589
616
655
720
158
398
554
673
880
768
902
65
487
781
764
164
782
532
248
813
834
96
642
989
739
47
861
771
517
507
851
852
82
655
369
756
609
954
728
671
840
668
583
158
129
875
392
564
652
694
10
449
819
878
328
987
59
931
806
995
202
768
484
836
80
360
720
16
846
227
656
680
598
167
676
199
856
479
926
112
158
944
707
183
5
248
336
761
271
261
900
217
970
39
602
295
143
32
577
357
294
602
326
270
996
49
116
840
536
552
173
584
634
706
70
0
204
707
57
196
209
715
869
819
839
863
127
588
182
502
942
655
778
241
756
456
234
648
969
417
55
397
998
301
474
383
126
5
770
758
854
504
466
285
792
560
649
629
980
760
599
462
646
487
137
316
738
233
689
474
909
156
885
458
879
657
824
100
656
838
137
133
782
759
667
241
24
580
122
880
768
540
724
172
236
226
869
188
712
988
97
591
808
133
689
848
994
250
876
668
861
870
424
478
563
1
670
758
664
53
760
344
500
91
20
961
963
632
201
8
850
505
494
512
221
988
530
459
325
580
205
481
763
625
601
254
907
387
977
871
482
356
248
979
475
993
247
275
581
577
603
488
432
253
235
721
771
179
714
246
77
205
361
400
255
368
229
869
428
674
285
903
362
150
315
864
601
910
558
936
164
687
331
945
183
804
352
989
985
163
511
906
379
946
951
844
558
638
54
238
856
923
200
312
655
113
398
933
144
302
980
281
433
702
849
500
319
337
535
999
779
942
969
32
512
906
948
251
964
773
884
896
886
727
144
724
214
267
199
468
135
594
6
691
20
210
388
960
293
157
851
729
263
631
461
261
279
506
171
388
727
609
744
130
532
337
454
620
132
111
231
979
268
306
53
687
914
11
492
478
225
705
785
277
562
593
234
808
638
855
420
675
204
460
242
729
822
813
604
876
712
773
74
197
653
59
558
870
136
863
260
56
620
835
554
826
663
572
373
334
903
224
266
970
154
75
942
503
966
188
167
386
590
670
780
670
230
169
692
187
258
646
422
642
837
764
328
835
122
647
459
916
219
780
492
240
611
426
765
124
972
805
82
743
492
362
517
800
828
359
430
195
64
788
854
34
405
859
123
838
846
662
746
118
873
263
656
509
771
800
313
499
714
640
4
988
687
505
394
756
210
545
417
139
836
669
184
16
579
216
941
740
581
354
563
907
67
205
895
973
480
967
928
50
629
841
870
654
335
328
80
246
611
251
891
645
250
0
882
182
5
919
687
138
128
546
438
96
831
745
687
660
842
602
436
430
533
218
194
698
605
126
927
288
799
711
913
7
937
85
470
284
968
574
250
67
113
932
799
222
672
555
159
969
187
481
311
890
257
601
766
871
886
313
681
147
953
870
439
850
16
845
194
323
668
72
218
544
149
1
526
925
429
179
944
296
49
807
779
973
350
213
448
356
178
187
505
703
582
7
43
323
522
756
134
311
897
597
378
897
934
166
115
411
578
900
320
88
948
663
863
434
417
863
102
312
212
777
160
228
273
869
695
268
390
82
436
823
109
197
229
394
702
114
407
696
731
268
669
618
200
323
739
607
880
65
474
217
656
534
302
512
958
360
754
787
55
66
633
462
166
363
311
381
121
586
91
938
557
135
438
873
281
293
73
622
108
568
14
420
93
986
381
153
40
335
856
603
472
865
379
964
719
412
899
33
53
210
807
227
229
896
416
400
589
922
389
557
96
370
230
59
151
725
235
827
707
395
749
243
903
885
409
922
922
37
191
135
881
198
502
984
884
889
65
863
917
687
336
360
572
685
279
690
649
398
503
201
686
959
702
936
218
74
584
509
752
269
271
765
599
685
984
525
495
34
394
529
552
285
306
413
851
661
77
74
193
781
151
445
848
297
98
739
258
587
545
475
874
449
160
189
152
721
122
566
706
20
771
88
74
295
652
264
100
987
721
8
649
689
669
846
100
79
990
82
673
390
755
368
272
575
755
30
4
247
632
559
513
696
397
295
879
144
233
138
856
421
16
229
884
6
78
620
640
737
191
129
692
370
145
267
644
553
371
230
131
305
710
121
535
555
163
453
219
13
271
664
298
97
255
187
483
861
231
941
362
634
915
556
449
787
395
326
142
120
205
778
128
644
270
901
789
871
858
353
674
562
389
818
558
962
43
293
942
406
889
295
79
449
840
486
688
562
280
793
915
945
203
528
131
562
354
876
705
301
381
820
186
875
819
321
502
772
799
491
237
986
566
243
420
329
399
876
113
879
344
835
996
332
997
82
46
883
235
783
115
121
326
423
247
215
628
728
387
370
344
7
299
734
762
847
216
485
461
24
934
821
436
430
259
584
765
306
70
818
845
147
877
657
172
292
868
834
373
616
554
873
348
3
911
347
643
679
517
175
202
729
569
978
28
754
243
561
493
332
840
198
103
192
664
481
41
776
877
71
875
184
422
23
901
827
774
13
830
429
165
441
985
324
783
361
744
624
440
370
186
489
921
628
392
798
725
263
377
811
272
885
731
244
566
357
352
524
43
773
784
470
199
302
524
573
797
548
673
254
993
725
921
801
192
869
637
771
399
633
97
52
714
801
863
954
847
72
746
347
110
492
251
81
62
973
606
963
403
753
139
142
669
510
694
761
985
597
835
718
797
952
270
84
421
373
60
114
634
86
439
248
742
626
573
548
910
747
900
424
913
169
425
902
909
277
366
294
416
37
751
639
37
767
419
870
189
550
448
66
444
64
471
989
920
678
533
153
401
402
31
150
277
254
652
851
385
383
447
838
259
537
816
742
971
987
233
522
112
374
140
421
212
985
992
182
784
60
468
572
735
965
177
720
292
786
258
209
487
18
549
396
850
261
300
41
998
3
411
402
28
687
962
838
858
955
622
187
125
450
880
516
549
975
982
478
44
897
889
977
592
130
831
42
361
812
774
985
604
940
94
774
26
954
31
125
383
69
900
137
392
185
39
509
938
493
423
75
127
549
829
499
695
861
204
188
691
385
992
605
31
286
168
936
628
899
804
822
449
920
73
883
793
258
889
102
693
952
602
900
302
413
980
840
104
86
276
248
905
797
905
350
925
955
788
484
737
230
678
126
621
856
414
503
285
95
731
909
963
596
710
829
613
155
253
134
414
101
799
637
676
584
489
403
887
671
20
513
532
885
345
724
482
210
718
420
945
832
768
634
190
935
284
532
940
421
932
650
792
228
196
598
794
411
787
49
783
277
864
231
528
918
393
856
613
457
112
546
225
675
127
733
202
710
174
255
546
516
391
712
396
265
594
182
920
28
766
994
317
539
95
142
649
561
776
524
941
996
173
889
155
419
91
143
133
980
933
589
858
164
455
860
324
956
307
962
489
629
692
384
81
411
395
79
317
102
624
108
832
330
334
507
126
314
390
557
237
716
45
503
607
253
480
462
503
629
442
740
920
837
40
985
879
28
511
649
545
226
135
745
119
572
654
33
319
426
446
647
674
968
994
762
447
446
537
571
4
813
484
476
797
514
873
652
777
861
554
782
25
47
706
787
692
839
665
203
527
403
670
542
865
167
977
894
594
461
152
237
58
206
300
444
467
174
637
532
571
418
594
179
722
371
367
759
869
939
424
476
246
339
423
339
792
679
476
798
72
836
316
62
966
104
98
857
738
367
549
327
552
33
916
148
813
146
978
56
872
973
978
665
594
67
708
587
373
554
515
7
33
335
701
995
549
939
290
279
665
652
697
489
371
854
56
406
155
450
62
748
135
879
192
699
672
557
652
630
683
6
17
561
875
576
522
302
550
44
491
727
739
754
188
165
123
984
750
432
823
751
153
169
849
512
195
333
943
379
787
500
444
672
543
679
953
456
16
721
922
524
396
567
148
203
857
575
404
868
521
983
224
398
434
702
99
756
678
403
34
63
379
12
390
92
132
693
8
659
441
253
787
87
239
266
351
376
550
657
774
197
774
483
764
839
474
349
12
685
982
439
156
751
572
138
748
77
895
890
473
806
875
202
902
65
136
142
239
161
621
648
282
39
629
354
406
77
142
418
266
779
218
686
596
439
256
6
764
296
21
218
409
341
287
193
587
786
375
152
557
342
73
730
666
491
777
617
961
749
642
820
345
179
916
715
184
471
5
934
661
861
170
434
275
944
257
478
938
132
156
659
583
157
904
225
216
296
363
844
1
585
609
739
379
313
307
134
241
243
639
238
235
172
998
524
587
215
354
596
983
834
222
975
834
543
154
10
638
834
320
853
517
306
292
818
474
196
560
757
678
226
236
20
876
615
717
719
783
65
350
706
707
171
639
770
177
371
657
342
556
375
240
302
962
271
518
776
396
21
962
279
39
58
824
156
723
188
279
198
802
726
880
99
706
885
9
245
292
215
166
469
878
964
311
76
975
280
243
630
878
90
994
347
185
63
623
252
711
359
408
739
827
628
802
943
100
796
475
238
91
184
263
832
539
466
788
267
264
832
944
568
358
811
631
877
629
552
845
918
13
791
555
577
605
300
822
530
500
141
703
862
890
196
911
376
205
154
546
680
0
390
232
149
457
657
236
432
522
201
72
514
941
944
355
208
814
454
813
798
947
96
625
80
77
561
69
971
866
777
22
692
301
766
612
1
110
724
926
270
799
566
603
532
78
586
225
716
536
150
939
944
498
593
524
610
105
150
77
312
234
93
713
553
457
928
325
975
250
725
450
480
952
559
183
929
647
878
45
190
102
791
42
100
472
902
927
860
909
648
31
100
48
105
539
212
248
371
352
174
834
44
489
6
945
534
918
600
340
34
891
59
767
607
597
880
677
499
554
45
4
85
156
989
53
348
223
198
995
91
439
283
500
240
293
845
636
71
669
687
425
980
93
187
432
661
310
439
557
848
485
897
184
906
161
40
145
385
850
412
483
246
548
398
799
657
127
892
779
866
921
100
483
451
605
399
873
948
660
385
355
655
695
120
754
451
152
666
377
594
421
151
880
26
103
582
752
844
20
102
5
596
370
288
505
371
737
79
666
762
731
407
203
370
847
391
87
987
312
820
85
738
742
5
960
322
269
958
37
947
775
201
651
733
664
652
749
35
502
734
590
469
474
702
490
274
221
150
529
615
889
709
19
407
517
872
568
284
696
566
227
829
9
17
667
287
659
247
560
86
918
132
744
812
953
266
496
155
927
803
96
47
560
514
258
563
700
187
496
814
700
591
565
428
332
150
975
281
340
158
775
6
558
415
563
150
371
639
311
753
15
836
219
679
460
360
552
767
106
995
881
148
958
869
250
737
893
605
264
955
99
761
445
582
36
414
940
306
57
894
77
197
325
698
636
152
412
86
19
101
597
75
607
843
248
851
553
628
765
907
448
233
585
496
576
744
80
872
20
746
237
866
627
749
605
733
145
346
723
443
202
479
272
619
646
616
596
106
857
537
886
683
314
837
706
742
251
795
58
995
472
47
199
248
370
715
153
922
915
522
194
194
373
793
512
36
161
435
104
279
112
108
274
893
621
51
68
148
848
917
352
14
902
989
415
396
370
748
139
253
428
342
266
245
448
154
848
584
435
830
96
214
289
340
448
650
333
940
486
509
425
524
463
368
940
634
639
218
72
139
71
325
391
194
122
724
445
146
194
569
259
38
714
803
315
722
227
747
791
116
663
198
758
305
51
676
392
165
9
491
216
129
247
33
56
882
282
178
848
214
958
191
137
791
808
436
335
127
96
512
469
113
192
244
126
515
482
747
653
190
162
633
567
731
732
597
588
931
160
769
32
911
853
649
673
107
865
461
560
926
646
169
978
64
585
970
883
227
533
241
232
360
457
385
496
961
415
397
781
17
888
349
293
377
68
41
892
813
966
0
334
20
130
438
915
208
255
841
191
378
255
660
414
578
430
561
856
12
715
648
450
95
88
343
427
501
388
688
741
989
905
624
231
421
931
523
362
709
14
779
219
166
353
85
315
65
406
668
237
509
539
666
43
216
995
108
288
802
418
617
539
265
468
383
747
178
807
362
477
107
756
668
448
696
419
138
144
669
85
874
906
96
49
76
489
73
634
164
42
414
87
325
726
288
201
783
53
445
2
992
386
316
197
288
97
873
7
361
545
180
508
621
400
784
696
696
427
570
191
515
222
619
429
990
745
919
892
320
992
882
628
374
484
558
156
312
831
583
934
901
869
4
948
770
80
732
220
659
322
409
490
581
41
540
787
281
276
999
291
653
99
473
246
307
169
618
27
508
871
869
121
70
437
347
404
118
964
797
529
981
337
963
632
51
766
214
115
245
391
743
626
15
875
339
991
14
806
973
0
748
788
122
379
57
972
748
3
998
745
563
873
566
912
902
750
598
203
177
540
284
520
80
58
16
777
373
8
436
632
637
90
31
703
72
59
528
647
843
878
471
917
840
451
276
962
3
91
854
398
189
592
423
251
575
280
17
704
662
407
936
50
319
414
457
942
106
15
440
850
999
468
824
512
561
254
841
315
316
597
455
235
966
165
40
842
156
766
195
964
915
39
395
657
397
829
890
801
490
822
507
403
833
625
855
633
198
903
292
752
985
283
468
745
741
641
540
195
604
132
544
310
340
485
165
791
337
614
534
176
725
20
292
434
869
335
526
876
509
645
210
16
314
534
788
813
742
773
808
58
19
735
724
777
487
32
741
168
160
963
843
264
787
6
757
430
385
752
898
128
413
985
90
774
25
685
487
166
382
668
370
558
98
820
394
89
195
28
101
621
540
856
359
592
438
682
965
180
89
432
255
834
157
193
920
239
597
977
729
795
935
1
235
289
366
626
868
900
495
250
669
621
702
232
319
454
476
997
685
217
140
716
278
33
707
755
649
857
408
2
546
308
854
619
425
653
357
682
280
418
880
306
934
986
501
780
166
676
628
552
301
608
667
881
586
552
627
553
871
29
196
371
743
437
623
968
193
788
663
868
195
834
87
837
722
766
411
810
876
182
116
224
68
503
441
916
773
809
629
57
861
907
608
361
400
827
32
578
19
244
644
271
673
871
239
654
449
311
65
240
372
781
268
120
79
380
878
76
903
703
616
305
329
912
820
78
919
865
393
306
406
231
467
232
683
350
390
408
179
479
772
420
437
707
985
418
211
374
830
489
188
626
20
20
132
546
663
14
766
663
833
919
823
962
294
97
90
42
976
394
158
747
165
332
441
159
932
624
141
1
756
799
672
432
891
721
547
891
193
133
580
426
879
227
257
149
887
753
305
553
861
299
52
660
917
855
619
419
293
707
578
339
928
574
864
807
399
380
756
664
729
974
382
88
451
789
993
794
321
36
299
146
285
924
177
624
880
725
129
952
159
384
261
900
94
99
688
338
836
221
8
999
93
5
29
584
447
885
722
45
341
505
562
497
104
213
714
803
789
882
696
412
495
328
829
384
23
548
276
602
488
94
266
890
137
602
475
528
121
672
786
899
83
992
469
99
685
203
915
141
625
864
253
66
29
181
284
311
235
162
585
991
389
592
288
84
82
676
99
782
952
468
233
348
970
181
279
492
29
885
325
33
880
134
430
848
817
166
334
94
750
429
142
269
730
245
3
391
166
713
190
748
622
75
259
551
767
60
648
482
466
909
724
285
341
755
122
726
955
354
288
419
248
490
522
800
621
61
936
657
356
99
440
35
114
146
512
233
470
895
762
428
205
139
858
506
296
410
884
796
191
723
402
3
774
219
420
718
403
474
26
67
988
458
898
343
650
875
49
430
108
50
606
948
507
186
142
992
804
984
265
50
815
974
84
881
684
860
991
878
494
660
653
313
668
446
22
392
308
734
515
560
953
991
289
331
948
91
867
703
448
716
403
905
622
306
353
554
157
543
504
392
558
240
361
957
440
653
590
689
398
853
84
463
426
418
136
199
438
642
101
305
808
339
143
503
403
888
731
323
257
748
349
76
433
369
769
679
542
504
27
859
807
10
155
687
50
369
3
856
148
222
537
331
78
881
712
431
978
540
976
428
257
670
507
137
97
583
258
799
628
820
197
93
275
300
164
409
850
283
825
143
508
89
10
967
441
484
761
408
530
382
442
181
422
973
271
96
829
776
455
247
461
632
204
665
905
83
227
818
201
514
722
541
954
675
569
764
555
875
36
78
393
99
281
276
391
496
167
75
702
318
858
430
745
314
306
513
383
11
285
869
211
909
221
350
73
7
425
340
381
961
741
239
154
326
217
599
140
930
274
235
431
844
830
0
224
58
731
141
997
929
621
361
46
427
112
619
465
109
20
450
570
482
907
896
703
971
899
149
209
114
827
260
121
677
219
306
31
141
912
517
96
471
231
502
638
872
499
269
431
376
559
913
252
870
888
637
190
77
735
342
507
247
382
699
466
730
942
566
599
726
153
259
149
366
709
365
216
172
231
409
44
825
164
787
276
810
116
480
267
985
950
837
795
49
256
820
717
399
92
151
550
21
84
417
252

Sorted sequence:
0
0
0
0
0
0
0
0
0
0
0
0
1
1
1
1
1
1
1
1
1
1
1
2
2
2
2
2
2
2
3
3
3
3
3
3
3
3
3
3
3
3
3
4
4
4
4
4
4
4
4
4
4
4
5
5
5
5
5
5
5
5
5
5
5
5
5
6
6
6
6
6
6
6
6
6
6
6
6
6
7
7
7
7
7
7
7
7
7
7
8
8
8
8
8
8
8
8
8
8
8
9
9
9
9
9
9
9
9
9
9
9
9
9
10
10
10
10
10
10
10
10
10
10
10
10
10
10
11
11
11
11
11
11
11
11
11
11
11
11
11
12
12
12
12
12
12
12
12
12
12
12
12
13
13
13
13
13
13
13
13
13
13
13
13
14
14
14
14
14
14
14
14
14
14
14
14
14
14
15
15
15
15
15
15
15
15
15
15
16
16
16
16
16
16
16
16
16
16
16
16
16
17
17
17
17
17
17
17
17
17
18
18
18
18
18
18
18
19
19
19
19
19
19
19
19
19
19
20
20
20
20
20
20
20
20
20
20
20
20
20
20
20
20
20
20
20
20
21
21
21
21
21
21
21
22
22
22
22
22
22
22
23
23
23
23
23
23
23
23
23
23
23
24
24
24
24
24
24
24
24
24
24
24
24
25
25
25
25
25
26
26
26
26
26
26
26
26
26
26
27
27
27
27
27
27
27
27
27
27
27
27
28
28
28
28
28
28
28
28
29
29
29
29
29
29
29
29
29
29
29
29
30
30
30
30
30
30
30
31
31
31
31
31
31
31
31
31
31
31
31
31
32
32
32
32
32
32
32
32
32
33
33
33
33
33
33
33
33
33
33
33
33
34
34
34
34
34
34
34
34
34
34
34
35
35
35
35
35
35
35
36
36
36
36
36
36
36
36
36
36
37
37
37
37
37
37
37
37
37
38
38
38
38
38
39
39
39
39
39
39
39
39
39
40
40
40
40
40
40
40
40
40
40
40
40
40
40
41
41
41
41
41
41
41
41
41
41
42
42
42
42
42
42
42
42
42
43
43
43
43
43
43
43
43
43
44
44
44
44
44
44
44
44
44
44
44
45
45
45
45
45
45
45
45
45
45
45
45
46
46
46
46
46
46
46
46
46
46
46
47
47
47
47
47
47
47
47
47
47
47
47
48
48
48
48
48
48
48
48
49
49
49
49
49
49
49
49
49
49
49
49
49
50
50
50
50
50
50
50
50
51
51
51
51
51
51
51
51
51
52
52
52
52
52
52
52
52
52
52
53
53
53
53
53
53
53
53
53
53
53
53
53
53
53
54
54
54
54
54
55
55
55
55
55
55
56
56
56
56
56
56
56
56
56
56
56
57
57
57
57
57
57
57
58
58
58
58
58
58
58
58
58
58
58
58
59
59
59
59
59
59
59
59
59
59
59
59
60
60
60
60
60
60
61
61
61
61
61
61
61
61
62
62
62
62
62
62
62
62
62
62
62
62
62
62
63
63
63
63
63
63
63
63
63
63
63
63
63
64
64
64
64
64
64
64
64
64
65
65
65
65
65
65
65
65
65
65
65
66
66
66
66
66
66
66
66
66
67
67
67
67
67
67
67
67
67
67
68
68
68
68
68
68
68
69
69
69
69
69
69
69
69
69
69
69
70
70
70
70
70
70
70
70
71
71
71
71
71
71
71
71
71
71
72
72
72
72
72
72
72
72
72
72
73
73
73
73
73
73
73
73
73
74
74
74
74
75
75
75
75
75
75
75
75
75
75
75
75
75
76
76
76
76
76
76
76
76
76
76
76
76
76
77
77
77
77
77
77
77
77
77
77
77
77
78
78
78
78
78
78
78
78
78
78
78
78
78
78
78
79
79
79
79
79
79
79
79
79
79
79
80
80
80
80
80
80
80
80
80
80
81
81
81
81
81
81
81
81
81
81
82
82
82
82
82
82
82
82
82
82
82
82
83
83
83
83
83
83
83
83
83
84
84
84
84
84
84
84
84
84
84
84
85
85
85
85
85
85
85
85
85
85
85
86
86
86
86
86
86
86
87
87
87
87
87
87
87
87
87
87
88
88
88
88
88
88
88
88
88
89
89
89
89
89
89
89
89
89
89
90
90
90
90
90
90
90
90
90
90
91
91
91
91
91
91
91
91
91
91
91
92
92
92
92
92
92
92
93
93
93
93
93
93
93
93
93
93
93
94
94
94
94
94
94
94
94
94
94
94
94
95
95
95
95
95
95
95
95
96
96
96
96
96
96
96
96
96
96
96
96
96
96
96
96
97
97
97
97
97
97
97
97
97
97
97
97
97
97
97
98
98
98
98
98
99
99
99
99
99
99
99
99
99
99
99
99
99
100
100
100
100
100
100
100
100
100
100
100
100
101
101
101
101
101
101
101
101
102
102
102
102
102
102
102
103
103
103
103
104
104
104
104
104
104
104
104
104
105
105
105
105
105
105
105
105
105
105
106
106
106
106
106
106
106
106
106
107
107
107
107
107
107
107
108
108
108
108
108
108
108
108
108
108
108
108
109
109
109
109
109
109
109
109
109
109
109
110
110
110
110
110
110
110
110
111
111
111
112
112
112
112
112
112
112
112
112
112
112
112
112
113
113
113
113
113
113
113
113
113
113
114
114
114
114
114
114
114
114
114
114
114
114
115
115
115
115
115
115
115
115
115
115
116
116
116
116
116
116
116
116
116
116
117
117
117
117
117
117
117
118
118
118
118
118
118
118
118
119
119
119
119
119
119
119
119
119
119
119
120
120
120
120
120
120
120
120
120
120
120
120
120
120
121
121
121
121
121
121
121
121
121
121
121
121
121
122
122
122
122
122
122
122
122
122
122
122
122
123
123
123
123
123
123
123
123
123
123
124
124
124
124
124
124
125
125
125
125
125
125
125
125
125
126
126
126
126
126
126
126
126
126
126
126
127
127
127
127
127
127
127
127
127
127
127
127
127
128
128
128
128
128
128
128
128
128
128
128
128
128
129
129
129
129
129
129
129
129
129
129
129
129
130
130
130
130
131
131
131
131
131
131
131
132
132
132
132
132
132
132
132
132
132
132
132
133
133
133
133
133
133
133
133
133
133
133
133
134
134
134
134
134
134
134
134
134
134
135
135
135
135
135
135
135
135
135
135
136
136
136
136
136
136
136
136
136
136
136
137
137
137
137
137
137
137
137
137
137
137
137
137
137
137
137
138
138
138
138
138
138
138
138
138
138
138
138
138
138
139
139
139
139
139
139
139
139
139
139
140
140
140
140
140
140
140
140
140
141
141
141
141
141
141
141
141
141
141
142
142
142
142
142
142
142
142
142
142
142
142
142
142
143
143
143
143
143
143
143
143
143
143
143
143
144
144
144
144
144
144
144
144
144
144
144
144
145
145
145
145
145
145
145
145
145
146
146
146
146
146
146
146
146
146
146
146
146
146
147
147
147
147
147
148
148
148
148
148
148
148
148
148
148
148
148
149
149
149
149
149
149
149
149
150
150
150
150
150
150
150
150
150
150
150
151
151
151
151
151
151
151
151
151
151
151
152
152
152
152
152
152
152
152
152
152
152
152
153
153
153
153
153
153
153
153
154
154
154
154
154
154
154
154
154
154
154
154
154
155
155
155
155
155
155
155
155
155
156
156
156
156
156
156
156
156
156
156
156
157
157
157
157
157
157
157
157
157
157
157
157
157
157
158
158
158
158
158
158
158
158
158
158
158
158
158
158
158
159
159
159
159
159
159
159
159
160
160
160
160
160
160
160
160
160
160
160
160
160
160
161
161
161
161
161
162
162
162
162
162
162
162
162
162
162
162
162
162
163
163
163
163
163
163
163
164
164
164
164
164
164
164
164
164
164
165
165
165
165
165
165
165
165
165
165
166
166
166
166
166
166
166
166
166
166
167
167
167
167
167
167
167
167
167
167
167
167
168
168
168
168
168
168
168
168
169
169
169
169
169
169
169
169
169
169
169
169
170
170
170
170
170
170
170
171
171
171
171
171
171
172
172
172
172
172
172
172
172
172
173
173
173
173
173
173
173
173
173
173
173
174
174
174
174
174
174
174
174
174
174
174
175
175
175
175
175
175
175
176
176
176
176
176
176
177
177
177
177
177
177
177
177
177
177
177
177
177
178
178
178
178
178
178
178
178
179
179
179
179
179
179
179
179
179
180
180
180
180
180
180
180
180
181
181
181
181
181
181
181
181
182
182
182
182
182
182
182
182
182
182
182
183
183
183
183
183
183
183
183
183
183
183
183
183
183
184
184
184
184
184
184
184
184
184
184
184
185
185
185
185
185
185
186
186
186
186
186
186
186
186
186
186
186
187
187
187
187
187
187
187
187
187
187
187
187
187
188
188
188
188
188
188
188
188
188
188
188
188
188
188
189
189
189
189
189
189
190
190
190
190
190
190
190
190
190
190
190
190
190
190
190
191
191
191
191
191
191
191
191
191
191
191
192
192
192
192
192
192
192
193
193
193
193
193
193
193
193
193
193
193
193
194
194
194
194
194
194
194
194
194
194
194
194
194
194
194
194
194
194
195
195
195
195
195
195
195
195
195
195
195
195
195
196
196
196
196
196
196
196
196
196
196
196
196
196
196
197
197
197
197
197
197
197
197
197
197
197
197
197
197
197
197
197
197
197
198
198
198
198
198
198
198
198
198
198
198
198
198
199
199
199
199
199
199
199
199
199
199
199
199
199
199
200
200
200
200
200
200
200
200
200
200
200
200
200
200
200
201
201
201
201
201
201
201
201
201
201
201
201
201
202
202
202
202
202
202
202
202
203
203
203
203
203
203
203
203
203
203
203
203
203
204
204
204
204
204
204
204
204
204
204
204
204
205
205
205
205
205
205
205
205
205
205
205
205
206
206
207
207
207
207
207
207
207
207
207
207
208
208
208
208
208
208
208
209
209
209
209
209
209
209
209
209
210
210
210
210
210
210
210
210
210
210
210
211
211
211
211
211
211
211
212
212
212
212
212
212
213
213
213
213
213
213
213
213
214
214
214
214
214
214
215
215
215
215
215
215
215
216
216
216
216
216
216
216
216
216
216
216
216
216
216
217
217
217
217
217
217
217
217
217
217
217
217
217
218
218
218
218
218
218
218
218
218
218
218
218
218
219
219
219
219
219
219
219
219
219
219
219
219
219
219
219
219
219
219
219
219
220
220
220
220
220
220
220
220
220
220
221
221
221
221
221
221
221
221
221
221
222
222
222
222
222
222
222
222
222
222
222
222
223
223
223
223
223
223
223
223
224
224
224
224
224
224
224
224
224
225
225
225
225
225
225
225
226
226
226
226
226
226
226
226
226
227
227
227
227
227
227
227
227
227
227
227
227
227
228
228
228
228
228
228
228
228
229
229
229
229
229
229
229
229
230
230
230
230
230
230
230
230
230
231
231
231
231
231
231
231
231
231
231
231
231
231
231
231
231
232
232
232
232
232
232
232
232
232
232
232
232
233
233
233
233
233
233
233
233
233
233
233
233
233
233
234
234
234
234
234
234
234
234
234
234
235
235
235
235
235
235
235
235
235
235
235
235
235
235
235
236
236
236
236
236
236
236
236
236
236
237
237
237
237
237
237
237
237
237
237
237
238
238
238
238
238
238
238
238
239
239
239
239
239
239
239
239
239
239
240
240
240
240
240
240
240
240
240
240
240
241
241
241
241
241
241
241
241
241
241
241
242
242
242
242
242
243
243
243
243
243
243
243
243
243
243
243
244
244
244
244
244
244
244
244
244
244
245
245
245
245
245
245
245
245
245
245
246
246
246
246
246
246
246
246
247
247
247
247
247
247
247
247
247
247
247
247
248
248
248
248
248
248
248
248
248
248
248
248
248
248
248
249
249
249
249
249
250
250
250
250
250
250
250
250
250
250
250
250
251
251
251
251
251
251
251
251
251
251
251
251
251
251
251
252
252
252
252
252
252
252
252
253
253
253
253
253
253
253
253
253
253
254
254
254
254
254
254
254
254
254
254
254
255
255
255
255
255
255
255
255
255
255
256
256
256
256
256
256
256
256
256
256
257
257
257
257
257
257
257
257
257
257
257
257
257
257
258
258
258
258
258
258
258
258
258
258
258
258
258
258
258
258
258
258
258
258
259
259
259
259
259
259
259
259
259
259
259
259
260
260
260
260
260
260
260
260
260
260
260
261
261
261
261
261
261
261
261
261
261
261
261
261
262
262
262
262
262
263
263
263
263
263
263
263
263
264
264
264
264
264
264
264
264
264
264
265
265
265
265
265
265
265
265
266
266
266
266
266
266
266
266
266
266
266
266
266
266
266
267
267
267
267
267
267
267
267
267
267
268
268
268
268
268
268
268
268
268
269
269
269
269
269
269
269
269
269
269
269
269
269
269
269
270
270
270
270
270
270
270
270
270
270
270
270
270
271
271
271
271
271
271
271
271
271
271
271
271
271
272
272
272
272
272
272
272
272
272
272
273
273
273
273
273
273
274
274
274
274
274
274
274
274
274
275
275
275
275
275
275
275
275
275
276
276
276
276
276
276
276
276
276
276
276
276
276
276
276
276
277
277
277
277
277
277
277
277
277
278
278
278
278
278
278
279
279
279
279
279
279
279
279
279
279
279
279
279
279
279
279
280
280
280
280
280
280
280
280
281
281
281
281
281
281
281
281
281
281
281
281
281
281
281
281
282
282
282
282
282
282
282
283
283
283
283
283
283
283
283
283
284
284
284
284
284
284
284
284
284
284
285
285
285
285
285
285
285
285
285
286
286
286
286
286
286
286
286
286
286
286
287
287
287
287
287
287
287
288
288
288
288
288
288
288
288
288
288
288
289
289
289
289
289
290
290
290
290
290
290
291
291
291
291
291
291
291
291
291
291
292
292
292
292
292
292
292
292
292
292
292
292
292
292
292
293
293
293
293
293
293
293
293
293
293
293
293
293
294
294
294
294
294
294
294
294
294
295
295
295
295
295
295
295
295
295
295
295
295
295
295
295
295
295
295
296
296
296
296
296
296
296
296
296
296
296
296
297
297
297
297
297
297
298
298
298
298
298
298
299
299
299
299
299
299
299
299
299
299
300
300
300
300
300
300
300
300
301
301
301
301
301
301
301
301
302
302
302
302
302
302
302
302
302
302
302
302
302
303
303
303
303
304
304
304
304
305
305
305
305
305
305
305
305
305
305
305
306
306
306
306
306
306
306
306
306
306
306
306
306
306
307
307
307
307
307
307
307
307
307
307
307
308
308
308
308
308
308
308
308
308
308
308
309
309
309
309
309
309
309
310
310
310
310
310
310
310
310
310
311
311
311
311
311
311
311
311
311
311
311
311
312
312
312
312
312
312
312
312
312
312
312
312
312
313
313
313
313
313
313
313
313
313
314
314
314
314
314
314
314
314
315
315
315
315
315
315
315
315
315
315
316
316
316
316
316
316
316
316
317
317
317
317
317
317
317
317
318
318
318
318
318
318
319
319
319
319
319
319
319
319
319
319
319
319
320
320
320
320
320
320
320
320
320
321
321
321
321
321
322
322
322
322
322
322
322
322
323
323
323
323
323
323
323
323
323
323
324
324
324
324
324
325
325
325
325
325
325
325
325
325
325
325
325
325
325
325
325
326
326
326
326
326
326
326
326
326
326
326
326
326
327
327
327
327
327
327
327
327
327
328
328
328
328
328
328
328
328
328
328
329
329
329
329
329
329
329
330
330
330
330
330
330
330
330
330
331
331
331
331
331
331
331
331
332
332
332
332
332
332
332
332
332
333
333
333
333
333
333
333
334
334
334
334
334
334
334
334
334
334
335
335
335
335
335
335
335
335
335
336
336
336
336
336
336
336
336
336
337
337
337
337
337
337
337
338
338
338
338
339
339
339
339
339
339
339
339
339
340
340
340
340
340
340
340
340
340
340
341
341
341
341
341
341
341
341
341
341
342
342
342
342
342
342
342
342
343
343
343
343
343
343
343
343
343
343
343
343
343
343
343
343
343
344
344
344
344
344
344
344
344
344
345
345
345
345
345
346
346
346
347
347
347
347
347
347
347
347
347
347
347
348
348
348
348
348
348
348
348
349
349
349
349
349
349
349
350
350
350
350
350
350
350
350
351
351
351
351
352
352
352
352
352
352
353
353
353
353
353
353
353
353
354
354
354
354
354
354
354
354
354
354
355
355
355
355
355
355
355
356
356
356
356
356
356
356
356
357
357
357
357
357
357
357
357
357
357
357
358
358
358
358
358
358
358
359
359
359
359
359
359
359
360
360
360
360
360
361
361
361
361
361
361
361
361
361
361
362
362
362
362
362
362
362
362
362
362
362
362
362
363
363
363
363
363
363
363
363
363
363
363
363
363
364
364
364
364
364
364
364
364
364
365
365
365
365
365
365
365
365
365
366
366
366
366
366
366
366
366
366
367
367
367
367
367
367
367
367
367
368
368
368
368
368
368
369
369
369
369
369
369
369
369
369
369
370
370
370
370
370
370
370
370
370
370
370
370
370
371
371
371
371
371
371
371
371
371
371
371
371
371
371
371
372
372
372
372
372
372
373
373
373
373
373
373
373
373
373
373
373
373
373
374
374
374
374
374
374
374
374
374
374
375
375
375
375
375
375
376
376
376
376
376
376
376
376
376
376
377
377
377
377
377
377
377
377
377
377
378
378
378
378
378
378
379
379
379
379
379
379
379
379
379
379
379
379
379
379
380
380
380
380
380
380
380
381
381
381
381
381
381
381
381
381
381
381
381
381
381
381
381
381
382
382
382
382
382
382
382
382
382
382
383
383
383
383
383
383
383
383
383
383
383
383
383
383
384
384
384
384
384
384
384
384
384
384
384
385
385
385
385
385
385
385
385
385
385
385
385
385
385
385
386
386
386
386
386
386
386
387
387
387
387
387
387
387
387
387
387
387
388
388
388
388
388
388
388
389
389
389
389
389
389
389
389
389
390
390
390
390
390
390
390
390
390
390
390
390
390
390
391
391
391
391
391
391
391
391
391
391
391
391
391
392
392
392
392
392
392
392
392
392
392
392
392
392
392
392
392
393
393
393
393
393
393
393
393
393
394
394
394
394
394
394
394
394
394
394
394
395
395
395
395
395
395
395
395
395
396
396
396
396
396
396
396
396
396
397
397
397
397
397
397
397
397
397
397
398
398
398
398
398
398
398
398
398
398
398
398
398
398
399
399
399
399
399
399
399
399
399
399
399
399
399
400
400
400
400
400
400
400
400
401
401
401
401
401
401
401
401
401
401
401
402
402
402
402
402
402
403
403
403
403
403
403
403
403
403
403
403
404
404
404
404
404
404
404
404
405
405
405
405
405
405
406
406
406
406
406
406
406
407
407
407
407
407
407
407
407
407
407
407
407
408
408
408
408
408
408
408
408
409
409
409
409
409
409
409
409
409
409
410
410
410
410
410
411
411
411
411
411
411
411
411
411
411
411
412
412
412
412
412
412
412
412
412
412
412
412
413
413
413
413
413
413
413
413
413
413
413
413
413
413
413
414
414
414
414
414
414
414
414
414
414
414
414
414
414
414
415
415
415
415
415
415
415
415
415
415
415
415
415
415
415
416
416
416
416
416
416
416
416
416
416
417
417
417
417
417
417
417
417
417
417
417
417
417
417
418
418
418
418
418
418
418
418
418
419
419
419
419
419
419
419
419
419
419
419
419
419
419
419
420
420
420
420
420
420
420
420
420
420
420
420
420
420
420
420
420
421
421
421
421
421
421
421
421
421
421
421
421
421
422
422
422
422
422
422
422
423
423
423
423
423
423
423
423
423
423
423
423
423
423
423
424
424
424
424
424
424
424
424
424
424
424
425
425
425
425
425
425
425
425
425
425
426
426
426
426
426
426
426
427
427
427
427
427
427
428
428
428
428
428
428
428
429
429
429
429
429
429
429
429
429
429
429
429
429
429
429
430
430
430
430
430
430
430
430
430
430
430
430
430
431
431
431
431
431
431
431
431
431
431
432
432
432
432
432
432
432
432
432
432
432
432
432
432
433
433
433
433
433
433
433
433
434
434
434
434
434
434
434
434
434
434
435
435
435
435
435
435
435
436
436
436
436
436
436
436
436
436
436
436
437
437
437
437
437
437
437
437
437
437
437
438
438
438
438
438
438
438
438
438
438
439
439
439
439
439
439
439
439
439
439
439
440
440
440
440
440
440
440
440
440
441
441
441
441
441
441
441
441
441
441
441
441
441
442
442
442
442
442
442
442
442
442
443
443
443
443
443
443
443
443
443
443
443
443
443
443
444
444
444
444
444
444
445
445
445
445
445
445
445
445
445
446
446
446
446
446
446
446
446
446
446
447
447
447
447
447
447
447
447
448
448
448
448
448
448
448
448
448
448
448
449
449
449
449
449
449
449
449
449
449
449
449
450
450
450
450
450
450
450
450
450
450
450
450
450
450
451
451
451
451
451
451
451
451
451
451
452
452
452
452
452
452
452
453
453
453
453
454
454
454
454
454
454
454
455
455
455
455
455
455
455
456
456
456
456
456
456
456
457
457
457
457
457
457
457
457
457
457
457
458
458
458
458
458
458
458
458
458
458
458
459
459
459
459
459
459
459
459
459
460
460
460
460
460
460
460
460
460
460
460
460
461
461
461
461
461
461
461
461
461
461
461
462
462
462
462
462
462
462
463
463
463
463
463
463
463
464
464
464
464
464
465
465
465
465
465
465
465
465
466
466
466
466
466
466
466
466
466
467
467
467
467
467
467
468
468
468
468
468
468
468
468
468
468
469
469
469
469
469
469
469
469
469
469
469
470
470
470
470
470
470
470
470
470
470
470
470
471
471
471
471
471
471
471
471
472
472
472
472
472
472
472
472
472
473
473
473
473
473
473
473
473
474
474
474
474
474
474
474
474
474
474
474
474
474
474
474
475
475
475
475
475
475
475
475
475
475
475
475
476
476
476
476
476
476
476
476
476
476
477
477
478
478
478
478
478
478
478
478
479
479
479
479
479
479
479
480
480
480
480
480
480
480
480
480
480
481
481
481
481
481
481
481
481
481
482
482
482
482
482
482
482
483
483
483
483
483
483
483
483
483
483
483
484
484
484
484
484
484
484
484
484
484
484
484
484
484
484
484
485
485
485
485
485
485
486
486
486
486
486
486
486
486
487
487
487
487
487
487
487
487
487
487
488
488
488
488
488
488
488
488
488
488
489
489
489
489
489
489
489
489
489
489
489
489
489
489
489
489
489
490
490
490
490
490
490
490
490
490
491
491
491
491
491
491
491
491
491
491
491
491
491
492
492
492
492
492
492
492
492
492
492
492
492
493
493
493
493
493
493
493
494
494
494
494
494
494
494
495
495
495
495
495
495
495
495
495
495
495
495
496
496
496
496
496
496
496
496
496
496
496
496
497
497
497
497
497
497
498
498
498
498
499
499
499
499
499
499
499
499
500
500
500
500
500
500
500
500
500
500
500
500
500
501
501
501
501
501
501
501
501
501
501
501
501
502
502
502
502
502
502
502
502
502
502
502
502
503
503
503
503
503
503
503
503
503
503
503
503
503
503
503
503
504
504
504
504
504
504
504
504
504
504
504
504
504
504
504
505
505
505
505
505
505
505
505
505
505
505
506
506
506
506
506
506
506
506
506
507
507
507
507
507
507
507
507
507
507
507
507
507
507
508
508
508
508
508
508
508
508
508
509
509
509
509
509
509
509
509
509
509
509
509
509
510
510
510
510
510
510
511
511
511
511
511
511
511
511
511
512
512
512
512
512
512
512
512
512
512
512
512
512
513
513
513
513
513
513
513
513
513
513
513
514
514
514
514
514
514
514
514
514
514
515
515
515
515
515
515
515
515
515
515
515
515
515
516
516
516
516
516
516
516
516
517
517
517
517
517
517
517
517
517
517
518
518
518
518
518
518
518
518
519
519
519
519
519
520
520
520
520
520
520
520
520
520
521
521
521
522
522
522
522
522
522
522
522
522
523
523
523
523
523
523
524
524
524
524
524
524
524
524
524
524
524
524
524
524
524
525
525
525
525
525
525
526
526
526
526
526
526
526
526
526
526
526
526
526
527
527
527
527
527
527
527
527
528
528
528
528
528
528
528
528
529
529
529
529
529
529
530
530
530
530
530
530
530
531
531
531
531
531
532
532
532
532
532
532
532
533
533
533
533
533
533
533
534
534
534
534
534
534
534
534
534
534
535
535
535
535
535
536
536
536
536
536
536
536
536
536
536
536
537
537
537
537
537
537
537
537
537
537
537
537
537
538
538
538
538
539
539
539
539
539
539
539
539
539
539
539
539
539
539
539
540
540
540
540
540
540
540
540
540
540
540
540
540
541
541
541
541
542
542
542
542
542
542
542
543
543
543
543
543
543
544
544
544
544
544
544
544
544
544
544
544
544
544
545
545
545
545
545
545
545
545
545
545
545
545
545
545
545
545
546
546
546
546
546
546
546
546
546
546
546
546
547
547
547
547
547
547
547
547
547
548
548
548
548
548
548
548
549
549
549
549
549
549
549
549
549
549
549
549
549
549
549
550
550
550
550
550
550
550
550
550
550
550
550
550
550
550
551
551
551
551
551
551
551
551
551
552
552
552
552
552
552
552
552
552
552
552
552
553
553
553
553
553
553
553
553
553
553
553
553
553
553
553
554
554
554
554
554
554
554
554
554
555
555
555
555
555
555
555
555
555
555
556
556
556
556
556
557
557
557
557
557
557
557
557
557
557
557
557
557
558
558
558
558
558
558
558
558
558
558
558
558
558
558
558
558
559
559
559
559
559
560
560
560
560
560
560
560
560
560
560
561
561
561
561
561
561
561
561
561
561
561
561
562
562
562
562
562
562
562
562
562
562
562
562
562
562
562
563
563
563
563
563
563
563
563
563
563
563
563
564
564
564
564
564
565
565
565
565
565
566
566
566
566
566
566
566
566
566
566
566
567
567
567
567
567
567
567
567
568
568
568
568
568
568
568
568
568
568
568
569
569
569
569
569
569
569
569
569
569
569
570
570
570
570
571
571
571
571
571
571
571
571
571
571
571
572
572
572
572
572
572
572
572
572
573
573
573
573
573
574
574
574
574
574
574
574
574
575
575
575
575
575
575
575
575
575
576
576
576
576
576
576
576
576
577
577
577
577
577
577
577
577
577
578
578
578
578
578
578
578
578
578
578
578
578
579
579
579
579
579
579
580
580
580
580
580
580
580
580
580
580
581
581
581
581
581
581
581
581
581
581
581
581
581
582
582
582
582
582
582
582
582
582
582
582
583
583
583
583
583
583
583
583
583
583
584
584
584
584
584
584
584
584
584
584
584
584
584
585
585
585
585
585
585
585
585
585
585
585
585
585
585
585
585
586
586
586
586
586
586
586
586
586
586
586
587
587
587
587
587
587
587
587
587
587
587
587
587
588
588
588
588
588
588
588
588
588
589
589
589
589
589
589
589
590
590
590
590
590
590
590
590
591
591
591
591
591
591
591
592
592
592
592
592
592
592
592
592
592
592
592
592
593
593
593
593
593
593
593
593
593
594
594
594
594
594
594
594
594
594
594
594
594
595
595
595
595
595
595
595
596
596
596
596
596
596
596
596
596
596
596
596
597
597
597
597
597
597
597
597
597
597
597
597
598
598
598
598
598
598
598
599
599
599
599
599
599
599
599
599
599
599
600
600
600
600
600
600
600
600
600
600
600
600
601
601
601
601
601
601
601
601
601
602
602
602
602
602
602
602
602
602
602
603
603
603
603
603
603
603
603
603
604
604
604
604
604
604
605
605
605
605
605
605
605
605
605
605
605
605
605
605
605
606
606
606
606
606
606
606
606
606
606
607
607
607
607
607
607
607
607
607
608
608
608
608
608
608
608
608
608
608
609
609
609
609
609
609
609
610
610
610
610
610
610
610
610
610
610
610
610
611
611
611
611
611
611
612
612
612
612
612
612
612
612
613
613
613
613
613
613
613
613
613
614
614
614
614
614
614
614
614
614
614
615
615
615
615
615
615
615
615
615
615
615
616
616
616
616
616
616
616
616
616
616
616
616
617
617
617
617
617
617
617
617
617
617
617
617
618
618
618
618
618
618
619
619
619
619
619
619
619
619
619
620
620
620
620
620
620
620
620
621
621
621
621
621
621
621
621
621
621
621
621
621
621
621
621
622
622
622
622
622
622
622
622
622
623
623
623
623
623
623
623
623
623
623
623
623
624
624
624
624
624
624
624
624
624
624
624
624
624
624
624
624
625
625
625
625
625
625
626
626
626
626
626
626
626
626
626
626
626
626
626
627
627
627
627
627
627
627
627
627
627
627
628
628
628
628
628
628
628
628
628
628
628
628
628
628
629
629
629
629
629
629
629
629
629
629
629
630
630
630
630
630
630
630
630
630
630
630
630
630
631
631
631
631
631
631
631
632
632
632
632
632
632
632
632
632
632
633
633
633
633
633
633
633
633
633
633
633
633
633
634
634
634
634
634
634
634
634
634
635
635
635
635
635
635
635
635
635
636
636
636
636
636
636
636
636
637
637
637
637
637
637
637
637
638
638
638
638
638
638
638
638
638
639
639
639
639
639
639
639
639
639
639
639
639
639
639
640
640
640
640
640
641
641
641
641
641
641
641
642
642
642
642
642
642
642
642
642
642
643
643
643
643
643
643
643
644
644
644
644
644
644
644
645
645
645
645
645
645
645
645
645
646
646
646
646
646
646
646
646
646
646
646
647
647
647
647
647
647
647
647
647
647
648
648
648
648
648
648
648
648
648
648
649
649
649
649
649
649
649
649
649
649
649
650
650
650
650
650
650
651
651
651
651
651
652
652
652
652
652
652
652
652
652
652
652
652
652
653
653
653
653
653
653
653
653
653
653
653
654
654
654
654
654
654
654
654
654
654
655
655
655
655
655
655
655
655
655
655
655
655
655
656
656
656
656
656
656
656
656
656
656
656
656
656
656
656
657
657
657
657
657
657
657
657
657
657
657
657
657
657
657
658
658
659
659
659
659
659
659
659
659
659
659
659
660
660
660
660
660
660
660
660
660
660
661
661
661
661
661
661
661
661
661
661
661
661
661
662
662
662
662
662
662
662
662
662
662
663
663
663
663
663
663
663
663
663
663
663
664
664
664
664
664
664
664
664
664
664
664
665
665
665
665
665
665
665
665
665
665
665
665
666
666
666
666
666
666
666
666
666
667
667
667
667
667
667
668
668
668
668
668
668
668
668
668
668
668
668
668
668
669
669
669
669
669
669
669
669
669
669
670
670
670
670
670
670
670
670
670
670
670
671
671
671
671
671
671
672
672
672
672
672
672
672
673
673
673
673
673
673
673
673
673
673
673
673
674
674
674
674
674
674
674
675
675
675
675
675
675
675
675
675
675
675
675
675
675
676
676
676
676
676
676
676
677
677
677
677
677
677
677
677
677
677
678
678
678
678
678
678
678
678
679
679
679
679
679
679
679
679
679
679
679
679
679
679
679
679
679
679
680
680
680
680
680
680
680
680
681
681
681
681
681
681
681
681
682
682
682
682
683
683
683
683
683
683
683
683
683
683
684
684
684
684
684
684
685
685
685
685
685
685
685
685
685
685
685
685
685
685
685
685
686
686
686
686
686
686
686
686
687
687
687
687
687
687
687
687
687
687
687
687
687
687
687
687
687
687
687
687
688
688
688
688
688
688
688
688
689
689
689
689
689
689
689
689
690
690
690
690
690
691
691
691
691
691
691
691
692
692
692
692
692
692
692
692
692
692
693
693
693
693
693
693
693
693
694
694
694
694
694
694
694
694
694
695
695
695
695
695
695
695
696
696
696
696
696
696
696
696
696
696
696
696
696
697
697
697
697
697
698
698
698
698
698
698
698
698
698
699
699
699
700
700
700
700
700
701
701
701
701
701
701
701
702
702
702
702
702
702
702
702
702
702
702
703
703
703
703
703
703
703
703
703
703
703
704
704
704
704
704
704
704
704
704
704
705
705
705
705
705
705
705
705
706
706
706
706
706
706
706
706
706
706
706
706
706
706
707
707
707
707
707
707
707
707
707
707
707
707
707
708
708
708
708
708
708
708
708
709
709
709
709
709
709
709
709
709
710
710
710
710
710
710
710
710
710
710
710
711
711
711
711
711
711
711
711
711
711
712
712
712
712
712
712
712
712
713
713
713
714
714
714
714
714
714
714
714
714
714
714
714
714
714
715
715
715
715
715
715
715
715
716
716
716
716
716
716
716
717
717
717
717
717
717
717
717
718
718
718
718
718
719
719
719
719
719
719
719
719
719
719
719
719
719
719
719
720
720
720
720
720
720
720
720
720
720
721
721
721
721
721
721
721
721
721
722
722
722
722
722
722
722
722
722
722
722
722
722
723
723
723
723
723
723
723
723
723
723
723
723
723
723
724
724
724
724
724
724
724
724
724
725
725
725
725
725
725
725
725
725
725
725
726
726
726
726
726
726
727
727
727
727
727
727
727
727
727
727
727
728
728
728
728
728
728
728
728
729
729
729
729
729
729
729
729
730
730
730
730
730
730
730
731
731
731
731
731
731
731
731
731
731
731
731
731
731
731
731
732
732
732
732
732
732
732
732
733
733
733
733
733
733
733
733
733
733
733
734
734
734
734
734
734
734
734
734
734
734
734
735
735
735
735
735
735
735
735
735
735
735
735
736
736
736
736
736
737
737
737
737
737
737
737
737
737
738
738
738
738
738
738
738
738
739
739
739
739
739
739
739
739
739
739
740
740
740
740
740
740
740
740
740
740
740
740
741
741
741
741
741
741
741
741
742
742
742
742
742
742
742
742
742
742
742
743
743
743
743
743
743
743
743
744
744
744
744
744
744
744
744
744
744
744
745
745
745
745
745
745
745
745
745
745
746
746
746
746
746
746
747
747
747
747
747
747
747
747
747
747
748
748
748
748
748
748
748
748
748
748
748
748
748
748
748
748
748
748
749
749
749
749
749
749
749
749
749
749
750
750
750
750
750
750
750
750
750
750
751
751
751
751
751
751
752
752
752
752
752
752
752
752
752
752
752
753
753
753
753
753
753
753
753
753
753
753
754
754
754
754
754
754
754
754
754
754
755
755
755
755
755
755
756
756
756
756
756
756
756
756
756
756
756
756
757
757
757
757
757
757
757
757
757
757
757
757
757
758
758
758
758
758
758
759
759
759
759
759
759
759
759
759
759
760
760
760
760
760
760
760
760
760
760
760
760
761
761
761
761
761
761
761
761
761
761
761
761
761
762
762
762
762
762
762
762
762
763
763
763
763
763
763
763
763
764
764
764
764
764
764
764
764
764
764
764
764
764
765
765
765
765
765
765
765
765
765
765
765
766
766
766
766
766
766
766
766
766
766
766
766
766
766
767
767
767
767
767
767
767
767
768
768
768
768
768
768
768
768
768
768
768
768
769
769
769
769
769
769
769
770
770
770
770
770
771
771
771
771
771
771
771
771
771
771
771
771
772
772
772
772
772
772
772
773
773
773
773
773
773
774
774
774
774
774
774
774
774
774
774
774
774
774
775
775
775
775
775
775
775
775
775
775
775
775
775
775
775
775
775
776
776
776
776
776
776
776
776
776
776
776
777
777
777
777
777
777
777
777
777
777
777
777
777
777
777
777
778
778
778
778
778
779
779
779
779
779
779
779
779
779
779
779
779
779
779
779
779
780
780
780
780
780
780
781
781
781
781
781
781
781
781
781
781
781
781
781
782
782
782
782
782
782
782
782
782
782
783
783
783
783
783
783
783
783
783
783
784
784
784
784
784
784
784
784
784
785
785
785
785
785
785
786
786
786
786
786
786
786
786
786
786
787
787
787
787
787
787
787
787
787
787
787
787
787
787
788
788
788
788
788
788
788
788
788
788
788
788
788
789
789
789
789
789
789
789
789
789
790
790
790
790
790
790
790
791
791
791
791
791
791
791
791
791
791
791
792
792
792
792
792
792
793
793
793
793
793
793
793
793
793
793
794
794
794
794
795
795
795
795
795
795
795
795
795
795
796
796
796
796
796
796
796
797
797
797
797
797
797
797
797
797
798
798
798
798
798
798
798
798
798
798
798
798
798
799
799
799
799
799
799
799
799
799
799
799
799
800
800
800
800
800
800
800
800
801
801
801
801
801
801
801
801
801
801
802
802
802
802
802
802
802
802
802
802
803
803
803
803
803
803
803
804
804
804
804
804
804
804
804
804
805
805
805
805
805
805
805
805
805
805
806
806
806
806
806
806
806
806
806
806
806
806
806
806
807
807
807
807
807
807
807
807
807
807
807
808
808
808
808
808
808
808
808
808
808
808
808
808
809
809
809
809
809
809
809
809
809
810
810
810
810
810
811
811
811
811
811
811
811
811
811
811
812
812
812
812
812
812
812
812
812
812
812
813
813
813
813
813
813
813
813
813
813
814
814
814
814
814
814
814
814
814
814
814
814
815
815
815
815
815
815
815
815
815
816
816
816
816
816
816
816
816
817
817
817
817
817
817
817
817
817
818
818
818
818
818
818
818
818
818
818
818
818
819
819
819
819
819
819
819
819
819
819
820
820
820
820
820
820
820
820
820
820
820
820
820
821
821
821
821
821
822
822
822
822
822
822
822
822
822
823
823
823
823
823
823
823
823
823
823
824
824
824
824
824
824
825
825
825
825
825
826
826
826
826
826
827
827
827
827
827
827
827
827
827
827
828
828
828
828
828
828
829
829
829
829
829
829
829
829
829
829
829
829
829
830
830
830
830
830
830
830
831
831
831
831
831
831
832
832
832
832
832
832
832
832
832
832
832
832
832
832
833
833
833
833
833
833
833
833
833
833
833
833
834
834
834
834
834
834
834
834
834
834
834
834
834
834
834
835
835
835
835
835
835
836
836
836
836
836
836
836
836
836
836
836
837
837
837
837
837
837
837
838
838
838
838
838
838
838
838
838
838
839
839
839
839
839
839
839
839
839
840
840
840
840
840
840
840
840
840
841
841
841
841
842
842
842
842
842
842
842
842
842
842
843
843
843
843
843
843
843
844
844
844
844
844
844
844
844
845
845
845
845
845
845
846
846
846
846
846
846
846
846
846
847
847
847
847
847
847
847
847
847
847
848
848
848
848
848
848
848
848
848
848
848
848
848
848
849
849
849
849
850
850
850
850
850
850
850
850
850
850
851
851
851
851
851
851
851
851
851
851
851
851
851
851
851
851
852
852
852
852
852
852
853
853
853
853
853
853
853
853
853
853
854
854
854
854
854
854
854
854
854
854
855
855
855
855
855
855
855
855
855
856
856
856
856
856
856
856
856
856
856
856
856
856
856
856
856
856
856
856
856
856
856
857
857
857
857
857
857
857
857
857
857
858
858
858
858
858
858
858
858
858
858
859
859
859
859
859
859
859
860
860
860
860
860
860
860
860
860
860
860
861
861
861
861
861
861
861
861
861
861
861
861
861
861
861
861
862
862
862
862
862
863
863
863
863
863
863
863
863
863
863
863
863
863
863
864
864
864
864
864
864
864
864
864
864
865
865
865
865
865
865
865
865
865
865
865
865
866
866
866
866
866
866
866
867
867
867
867
867
867
867
868
868
868
868
868
868
868
868
868
868
868
869
869
869
869
869
869
869
869
869
869
869
869
869
869
869
869
869
869
869
869
869
870
870
870
870
870
870
870
870
870
870
870
870
870
871
871
871
871
871
871
871
871
871
871
871
871
871
871
872
872
872
872
872
872
872
872
872
872
872
872
872
872
873
873
873
873
873
873
873
873
873
873
873
873
873
873
873
873
874
874
874
874
874
874
874
874
874
874
874
875
875
875
875
875
875
875
875
875
875
875
875
875
875
875
876
876
876
876
876
876
876
876
876
876
876
876
876
876
876
876
876
877
877
877
877
877
877
877
877
878
878
878
878
878
878
878
878
878
878
878
878
878
879
879
879
879
879
879
879
879
879
879
879
879
879
879
879
880
880
880
880
880
880
880
880
880
880
880
880
881
881
881
881
881
881
881
881
881
881
881
881
882
882
882
882
882
882
882
882
882
883
883
883
883
883
883
883
883
883
884
884
884
884
884
884
884
884
884
885
885
885
885
885
885
885
885
885
885
885
886
886
886
886
886
886
886
886
886
887
887
887
887
887
887
887
887
888
888
888
888
888
888
888
888
888
889
889
889
889
889
889
889
889
889
889
889
889
889
889
889
889
889
890
890
890
890
890
890
890
890
890
890
890
890
890
891
891
891
891
891
891
891
891
891
891
891
891
891
892
892
892
892
892
892
892
892
892
892
892
893
893
893
893
893
893
893
893
893
894
894
894
894
894
894
894
894
895
895
895
895
895
895
895
895
895
895
895
896
896
896
896
896
896
896
896
896
896
896
896
896
896
896
897
897
897
897
897
897
897
897
897
898
898
898
898
898
898
899
899
899
899
899
899
899
899
899
899
899
900
900
900
900
900
900
900
900
900
900
900
900
900
901
901
901
901
901
901
901
901
901
902
902
902
902
902
902
902
902
902
902
902
902
902
902
902
903
903
903
903
903
903
903
903
903
903
903
903
903
903
903
904
904
904
904
904
905
905
905
905
905
905
905
905
905
905
906
906
906
906
906
906
906
906
906
907
907
907
907
907
907
907
907
907
907
907
907
908
908
908
908
908
908
908
908
908
909
909
909
909
909
909
909
909
909
910
910
910
910
910
910
910
910
910
910
910
910
911
911
911
911
911
911
911
912
912
912
912
912
912
912
912
912
912
913
913
913
913
913
913
913
913
914
914
914
914
914
915
915
915
915
915
915
915
915
915
915
915
915
916
916
916
916
916
916
916
916
916
916
916
916
916
916
917
917
917
917
917
917
917
917
917
918
918
918
918
918
918
918
918
919
919
919
919
919
919
919
919
919
919
919
919
920
920
920
920
920
920
920
920
920
920
921
921
921
921
921
921
921
922
922
922
922
922
922
922
922
922
922
922
922
922
922
922
923
923
923
923
923
923
924
924
924
924
924
925
925
925
925
925
926
926
926
926
926
926
926
926
926
926
926
927
927
927
927
927
927
927
927
927
928
928
928
928
928
928
928
928
928
929
929
929
929
929
929
930
930
930
930
931
931
931
931
931
931
931
931
931
932
932
932
932
932
932
932
932
933
933
933
933
933
933
934
934
934
934
934
934
934
934
934
934
934
934
935
935
935
935
935
935
935
935
935
936
936
936
936
936
936
936
936
936
936
936
936
937
937
937
937
937
937
937
937
938
938
938
938
938
938
938
938
938
938
938
938
938
938
938
939
939
939
939
939
939
939
939
940
940
940
940
940
940
940
940
940
940
940
941
941
941
941
941
941
941
941
942
942
942
942
942
942
942
943
943
943
943
943
943
943
944
944
944
944
944
944
944
944
944
945
945
945
945
945
945
945
945
945
945
945
946
946
946
946
946
946
946
946
946
946
946
947
947
947
947
947
947
947
947
947
948
948
948
948
948
948
948
948
948
948
948
948
948
948
948
948
949
949
949
949
950
950
950
951
951
951
951
951
951
951
951
951
951
951
951
952
952
952
952
952
952
952
952
952
952
952
952
953
953
953
953
953
953
953
953
953
953
953
954
954
954
954
954
954
954
954
954
954
955
955
955
955
955
955
955
955
955
955
955
956
956
956
956
956
956
957
957
957
957
957
957
957
957
957
957
957
957
958
958
958
958
958
958
958
958
958
958
959
959
959
959
959
959
959
959
959
960
960
960
960
960
960
961
961
961
961
961
961
961
961
961
961
961
962
962
962
962
962
962
962
962
962
962
962
962
962
962
963
963
963
963
963
963
963
963
963
963
963
963
963
964
964
964
964
964
964
964
964
964
964
964
964
964
965
965
965
965
965
965
965
965
965
966
966
966
966
966
966
966
966
966
966
966
966
966
967
967
967
967
967
967
967
967
967
968
968
968
968
968
968
968
968
968
968
968
968
968
968
969
969
969
969
969
969
969
969
969
969
969
970
970
970
970
970
970
970
970
971
971
971
971
971
971
971
971
971
972
972
972
972
972
972
973
973
973
973
973
973
973
973
973
973
974
974
974
974
974
974
974
974
974
975
975
975
975
975
975
975
975
975
975
975
976
976
976
977
977
977
977
977
977
977
977
977
978
978
978
978
978
978
978
978
978
978
978
978
979
979
979
979
979
979
979
979
979
979
980
980
980
980
980
980
980
980
980
980
980
980
980
981
981
981
981
981
981
981
981
982
982
982
982
983
983
983
983
983
983
983
983
983
983
983
983
984
984
984
984
984
984
984
984
984
984
984
985
985
985
985
985
985
985
985
985
985
985
985
985
985
985
985
985
985
986
986
986
986
986
986
986
986
986
986
987
987
987
987
987
987
987
987
987
987
988
988
988
988
988
988
988
988
988
988
988
989
989
989
989
989
989
989
989
989
989
990
990
990
990
990
990
991
991
991
991
991
991
991
991
991
991
991
991
991
991
991
992
992
992
992
992
992
992
992
992
992
992
992
992
992
992
993
993
993
993
993
993
993
993
993
993
993
993
994
994
994
994
994
994
994
994
994
994
994
994
994
994
995
995
995
995
995
995
995
995
995
995
995
996
996
996
996
996
996
996
996
997
997
997
997
997
997
998
998
998
998
998
999
999
999
999
999
999
999
999
999
999
999
999
999

Running time: 3.082 ms
# Comparisons: 178907
