10000

1
3
5
8
8
8
8
9
9
11
14
15
15
16
16
18
20
21
22
22
22
23
23
24
26
26
26
26
27
28
30
32
33
34
36
36
37
37
37
38
44
45
45
46
46
46
48
49
49
49
52
52
53
53
54
55
56
57
60
61
61
63
64
65
69
72
72
72
73
75
76
77
81
81
81
81
82
82
84
84
86
87
88
88
88
93
94
96
96
98
99
100
101
104
105
105
107
107
108
108
109
110
113
113
113
113
113
116
117
117
118
119
120
121
122
122
123
123
125
126
126
127
127
128
129
129
131
131
132
133
135
135
136
137
139
139
139
139
142
142
144
144
150
152
152
153
153
154
155
156
157
157
157
157
157
157
158
159
161
161
162
163
164
165
165
167
168
169
169
171
172
172
174
176
176
177
177
178
179
179
184
184
184
186
186
186
187
187
187
188
191
191
192
192
193
194
195
196
196
196
197
197
197
197
198
199
199
200
200
201
201
202
203
203
205
206
206
208
208
208
209
210
211
211
212
213
214
217
217
218
219
220
221
221
224
224
225
225
226
228
228
229
230
231
234
234
236
238
241
241
242
242
244
248
248
248
249
249
250
252
252
252
252
252
253
254
255
257
257
259
259
259
259
259
260
260
261
262
264
265
265
266
268
269
269
271
271
273
276
277
278
279
280
280
281
281
284
284
287
287
289
289
290
290
291
291
293
294
296
297
298
298
300
303
304
304
305
306
306
306
307
308
308
308
309
309
309
312
313
314
315
316
316
317
319
320
320
322
323
323
325
325
326
327
327
327
328
328
328
329
330
330
331
332
334
335
336
336
336
336
340
342
342
343
344
344
344
345
346
347
347
347
347
348
348
348
349
349
350
352
354
354
355
355
356
357
357
357
358
359
360
361
362
363
365
366
366
367
368
370
371
371
372
372
372
373
373
374
374
374
376
379
380
380
380
380
382
383
384
385
385
386
387
390
390
392
392
393
396
396
398
399
399
400
400
400
402
404
404
406
407
407
407
409
412
412
412
412
412
415
417
418
419
420
422
423
425
425
426
429
430
432
434
435
435
436
437
437
437
438
438
438
439
440
441
441
442
443
444
444
445
447
447
449
450
451
452
455
455
456
457
458
460
462
462
464
465
465
466
466
466
467
469
469
469
469
470
471
471
472
472
473
474
475
476
476
477
478
479
481
482
483
484
486
487
488
490
492
492
493
496
498
498
499
500
500
501
502
502
503
504
505
505
506
507
508
508
509
513
514
514
515
518
518
521
521
521
521
522
522
522
522
523
523
528
529
529
531
533
533
536
536
537
538
538
539
540
541
542
542
543
544
545
546
546
549
551
552
552
552
553
553
557
557
557
559
559
559
559
560
560
561
563
565
565
567
569
570
571
572
572
572
577
579
582
583
584
584
584
585
586
590
593
593
594
595
595
597
598
599
599
599
600
602
602
603
604
605
606
607
607
608
609
609
610
610
611
611
612
613
614
614
616
616
616
617
617
618
623
626
626
627
628
629
630
631
632
634
635
636
637
639
641
642
644
645
645
646
646
646
646
647
648
649
649
649
650
652
654
654
656
656
656
656
657
657
658
659
660
662
662
663
665
665
666
666
667
669
670
672
672
673
673
673
673
674
675
675
678
679
680
682
683
685
687
688
689
690
691
691
692
693
693
693
695
696
696
699
703
704
706
706
709
709
710
711
711
714
714
715
720
722
722
724
724
725
726
727
729
729
729
730
730
730
734
734
735
736
736
736
737
737
738
741
742
745
745
745
746
747
747
747
749
750
751
752
752
753
754
754
755
756
760
763
764
765
767
767
768
769
771
772
772
772
772
776
776
776
777
778
778
778
778
778
779
779
779
780
784
784
784
785
785
787
789
790
790
794
794
794
795
796
797
797
801
802
803
804
806
808
808
811
811
812
813
813
813
815
816
817
817
818
820
820
820
821
821
822
822
823
823
824
824
825
825
826
827
828
828
829
829
830
831
833
833
833
833
833
834
834
836
837
837
838
839
840
842
843
844
844
845
846
847
849
850
850
851
851
852
852
853
855
855
855
857
858
858
858
860
861
861
864
864
865
866
867
867
868
869
870
871
871
872
873
874
875
876
877
877
879
879
880
883
884
884
886
888
891
892
893
893
896
897
898
898
900
901
901
901
901
902
902
902
902
903
904
904
907
907
908
909
909
909
910
910
911
911
912
912
913
913
915
916
918
918
919
921
921
921
922
923
923
925
928
930
932
933
933
933
935
935
935
936
936
937
941
941
942
943
943
944
944
944
945
945
946
947
947
948
949
950
950
951
952
952
953
954
955
956
957
959
962
964
965
965
967
967
969
969
970
971
971
971
972
974
974
976
976
982
982
982
984
985
986
986
987
987
991
991
993
993
996
997
998
998
999
1000
1000
1000
1001
1002
1002
1002
1002
1002
1002
1003
1003
1004
1005
1005
1006
1006
1012
1012
1012
1014
1015
1015
1015
1016
1017
1020
1020
1024
1025
1028
1029
1030
1032
1033
1033
1034
1034
1035
1036
1043
1044
1044
1046
1047
1047
1047
1048
1049
1050
1051
1054
1054
1056
1057
1059
1059
1059
1060
1061
1061
1061
1062
1062
1065
1066
1067
1067
1068
1068
1069
1069
1070
1073
1074
1074
1075
1076
1077
1077
1079
1079
1081
1083
1085
1087
1089
1090
1091
1091
1092
1093
1093
1094
1095
1096
1097
1098
1098
1098
1101
1101
1101
1101
1103
1103
1105
1105
1106
1107
1108
1110
1110
1111
1111
1112
1112
1114
1115
1115
1116
1117
1117
1117
1118
1118
1119
1119
1119
1120
1123
1123
1124
1124
1124
1125
1127
1129
1131
1133
1134
1134
1134
1136
1137
1138
1139
1139
1140
1141
1142
1143
1143
1143
1144
1144
1146
1147
1147
1148
1149
1149
1150
1151
1151
1152
1152
1154
1154
1156
1160
1161
1162
1163
1163
1163
1166
1168
1169
1172
1174
1174
1177
1178
1179
1180
1180
1180
1183
1183
1183
1186
1186
1186
1188
1190
1190
1191
1191
1194
1195
1196
1197
1197
1199
1202
1204
1204
1206
1207
1211
1214
1215
1215
1218
1218
1219
1219
1220
1220
1220
1222
1223
1224
1224
1224
1225
1227
1228
1228
1229
1230
1231
1234
1235
1235
1237
1237
1237
1237
1238
1240
1242
1243
1244
1244
1245
1246
1248
1248
1249
1251
1251
1251
1252
1253
1253
1253
1254
1254
1254
1254
1255
1255
1258
1260
1263
1263
1263
1264
1265
1266
1268
1268
1268
1269
1272
1272
1274
1275
1276
1276
1277
1277
1277
1278
1281
1281
1281
1282
1284
1286
1286
1286
1289
1289
1290
1291
1291
1292
1292
1293
1293
1295
1296
1296
1296
1298
1299
1299
1299
1300
1303
1305
1306
1306
1307
1308
1309
1310
1311
1311
1317
1318
1318
1321
1323
1323
1323
1323
1325
1325
1328
1329
1329
1329
1330
1330
1330
1331
1332
1333
1334
1335
1336
1336
1338
1338
1338
1338
1342
1343
1344
1345
1345
1346
1347
1349
1350
1354
1354
1354
1354
1355
1355
1358
1359
1360
1361
1363
1364
1364
1368
1369
1370
1372
1373
1376
1376
1376
1377
1377
1378
1379
1380
1381
1384
1385
1385
1386
1386
1388
1388
1388
1389
1391
1392
1392
1393
1393
1393
1393
1394
1395
1397
1397
1398
1398
1400
1400
1400
1401
1402
1402
1403
1404
1405
1406
1406
1406
1408
1409
1409
1410
1410
1410
1412
1412
1412
1413
1415
1416
1417
1417
1418
1419
1420
1421
1424
1427
1428
1429
1430
1431
1431
1431
1431
1432
1433
1436
1436
1437
1437
1437
1439
1440
1441
1441
1442
1444
1447
1447
1449
1450
1451
1452
1453
1454
1454
1455
1456
1458
1459
1459
1460
1462
1462
1464
1466
1467
1467
1468
1471
1472
1473
1473
1473
1474
1475
1476
1476
1481
1483
1486
1487
1487
1487
1487
1489
1490
1490
1490
1491
1491
1492
1492
1492
1493
1493
1494
1496
1497
1497
1498
1498
1500
1500
1500
1502
1502
1504
1505
1505
1507
1510
1511
1512
1512
1512
1513
1513
1514
1517
1518
1521
1521
1523
1524
1524
1524
1525
1527
1528
1528
1529
1533
1535
1535
1536
1537
1539
1539
1541
1545
1547
1547
1548
1548
1549
1551
1551
1552
1553
1556
1559
1560
1560
1561
1562
1563
1563
1564
1564
1567
1569
1572
1574
1575
1577
1578
1579
1579
1579
1579
1581
1582
1583
1584
1584
1585
1585
1585
1587
1587
1587
1592
1594
1596
1596
1596
1597
1597
1597
1598
1600
1601
1601
1603
1604
1605
1606
1606
1606
1607
1609
1610
1611
1611
1613
1613
1614
1615
1615
1617
1618
1619
1620
1621
1622
1622
1622
1624
1626
1627
1628
1628
1629
1629
1629
1632
1632
1632
1632
1634
1634
1634
1635
1635
1637
1638
1638
1638
1638
1639
1639
1640
1642
1643
1643
1644
1645
1647
1648
1648
1654
1655
1656
1658
1659
1660
1663
1663
1663
1664
1664
1665
1667
1667
1667
1669
1670
1674
1677
1677
1678
1678
1679
1679
1680
1681
1683
1683
1684
1685
1686
1686
1688
1688
1691
1694
1694
1695
1696
1698
1699
1700
1701
1701
1701
1701
1701
1702
1704
1704
1705
1705
1708
1709
1712
1712
1713
1714
1714
1715
1716
1718
1718
1718
1718
1719
1722
1722
1722
1723
1723
1724
1724
1725
1725
1726
1728
1728
1732
1732
1733
1735
1736
1736
1737
1742
1744
1745
1746
1746
1748
1749
1749
1750
1751
1751
1752
1752
1753
1753
1754
1754
1754
1754
1754
1756
1756
1756
1759
1759
1759
1761
1761
1764
1765
1769
1769
1771
1774
1775
1775
1776
1776
1778
1778
1779
1780
1781
1782
1783
1783
1783
1783
1784
1786
1787
1788
1788
1790
1792
1793
1795
1796
1796
1796
1796
1797
1800
1807
1808
1812
1812
1812
1812
1814
1815
1816
1817
1817
1818
1819
1821
1821
1822
1823
1826
1826
1837
1842
1842
1843
1843
1843
1844
1844
1845
1846
1848
1850
1850
1851
1852
1852
1852
1853
1853
1855
1855
1856
1856
1857
1858
1858
1860
1861
1861
1862
1863
1863
1863
1863
1865
1866
1866
1867
1867
1868
1868
1872
1873
1874
1874
1877
1878
1879
1880
1880
1882
1882
1882
1883
1883
1884
1884
1885
1886
1886
1886
1887
1888
1888
1889
1889
1890
1891
1891
1893
1894
1894
1896
1897
1897
1898
1899
1900
1903
1903
1904
1904
1906
1906
1906
1907
1907
1909
1910
1912
1913
1915
1917
1920
1920
1922
1922
1923
1925
1926
1928
1928
1929
1930
1932
1932
1932
1935
1936
1937
1937
1937
1940
1940
1940
1941
1942
1944
1944
1944
1944
1946
1947
1948
1949
1949
1949
1951
1952
1953
1954
1955
1955
1958
1961
1961
1961
1961
1962
1962
1962
1964
1965
1965
1967
1968
1969
1970
1971
1971
1972
1974
1975
1975
1975
1978
1979
1981
1981
1984
1985
1986
1988
1990
1990
1990
1991
1992
1994
1995
1995
1996
1996
1996
1998
1998
2000
2003
2004
2004
2005
2005
2006
2010
2010
2011
2011
2011
2012
2014
2014
2016
2017
2018
2018
2020
2021
2022
2023
2024
2024
2025
2026
2029
2031
2033
2035
2035
2035
2035
2036
2037
2037
2038
2038
2038
2038
2039
2039
2039
2041
2042
2043
2044
2046
2048
2048
2048
2049
2052
2052
2054
2054
2054
2055
2055
2057
2059
2062
2064
2064
2066
2067
2068
2069
2070
2070
2072
2072
2073
2074
2074
2074
2075
2076
2076
2077
2079
2080
2080
2080
2080
2080
2081
2084
2089
2089
2090
2093
2093
2095
2096
2097
2098
2098
2098
2098
2099
2100
2101
2106
2108
2108
2110
2112
2118
2118
2118
2118
2118
2119
2120
2121
2123
2124
2125
2126
2127
2129
2129
2130
2130
2130
2130
2130
2130
2131
2131
2132
2132
2134
2136
2137
2138
2138
2139
2140
2140
2140
2142
2143
2144
2145
2151
2154
2159
2161
2162
2162
2163
2164
2166
2166
2166
2168
2168
2169
2169
2171
2171
2171
2171
2171
2173
2174
2174
2176
2177
2178
2179
2179
2180
2180
2181
2184
2185
2185
2186
2186
2188
2189
2189
2190
2193
2193
2194
2195
2195
2196
2196
2197
2197
2199
2200
2202
2202
2203
2206
2206
2208
2208
2209
2210
2211
2212
2212
2217
2219
2222
2223
2223
2224
2225
2225
2226
2227
2228
2228
2229
2230
2230
2231
2231
2232
2236
2236
2238
2240
2240
2240
2242
2243
2243
2244
2246
2246
2247
2248
2249
2252
2253
2254
2254
2255
2258
2258
2258
2262
2265
2265
2267
2269
2271
2272
2272
2276
2277
2278
2280
2280
2280
2280
2280
2282
2282
2283
2284
2285
2285
2286
2286
2286
2288
2288
2289
2289
2289
2289
2290
2290
2291
2292
2292
2295
2295
2296
2297
2299
2301
2303
2303
2305
2309
2309
2310
2310
2311
2311
2312
2313
2314
2314
2318
2319
2319
2319
2322
2324
2324
2325
2325
2325
2325
2327
2328
2328
2328
2328
2333
2334
2334
2335
2335
2336
2337
2337
2337
2339
2341
2342
2343
2344
2344
2347
2347
2349
2352
2352
2352
2353
2353
2357
2358
2358
2361
2362
2362
2363
2365
2365
2365
2366
2368
2368
2369
2370
2371
2372
2373
2376
2377
2378
2379
2381
2381
2384
2385
2385
2386
2387
2389
2389
2389
2390
2391
2392
2394
2396
2396
2397
2397
2397
2398
2399
2399
2401
2402
2402
2404
2404
2405
2406
2407
2408
2410
2410
2412
2413
2416
2417
2417
2417
2418
2418
2418
2418
2419
2420
2420
2420
2421
2421
2422
2422
2424
2425
2425
2426
2427
2428
2429
2429
2430
2431
2432
2434
2436
2437
2437
2438
2439
2440
2442
2444
2446
2448
2449
2449
2450
2450
2451
2451
2451
2452
2452
2452
2452
2454
2455
2455
2456
2457
2459
2462
2463
2464
2465
2465
2466
2466
2469
2470
2470
2470
2472
2472
2477
2477
2478
2479
2479
2480
2481
2481
2482
2482
2484
2485
2485
2487
2488
2489
2491
2491
2494
2494
2494
2495
2497
2498
2499
2500
2500
2501
2502
2503
2506
2508
2508
2509
2511
2512
2513
2514
2514
2515
2515
2523
2524
2525
2526
2530
2531
2531
2532
2535
2535
2535
2536
2537
2538
2539
2539
2540
2542
2543
2544
2547
2551
2552
2552
2552
2553
2554
2555
2555
2556
2557
2557
2559
2561
2561
2563
2563
2564
2565
2565
2566
2567
2567
2567
2569
2571
2571
2572
2573
2573
2573
2573
2574
2575
2575
2575
2576
2577
2577
2579
2579
2580
2581
2582
2582
2582
2586
2586
2586
2587
2588
2588
2589
2589
2590
2590
2590
2591
2591
2591
2592
2597
2597
2598
2598
2599
2599
2599
2600
2602
2605
2606
2606
2606
2606
2608
2608
2608
2608
2609
2611
2612
2612
2613
2614
2618
2618
2621
2621
2622
2622
2623
2624
2624
2625
2625
2627
2627
2629
2631
2634
2635
2636
2637
2638
2639
2639
2640
2640
2642
2645
2646
2646
2647
2648
2649
2650
2650
2651
2653
2653
2653
2655
2656
2656
2657
2657
2660
2662
2663
2666
2666
2666
2666
2667
2667
2668
2668
2670
2670
2671
2671
2672
2673
2675
2676
2676
2679
2679
2679
2680
2680
2681
2684
2685
2685
2686
2688
2689
2690
2691
2692
2693
2693
2693
2694
2697
2698
2698
2699
2699
2700
2700
2703
2704
2705
2705
2705
2706
2706
2708
2708
2710
2716
2716
2717
2720
2721
2721
2722
2722
2725
2726
2728
2729
2730
2730
2731
2731
2731
2731
2732
2734
2736
2736
2738
2738
2738
2739
2739
2741
2742
2743
2743
2747
2748
2748
2749
2750
2750
2751
2751
2756
2760
2760
2761
2762
2762
2766
2769
2770
2772
2772
2774
2775
2777
2781
2782
2786
2786
2789
2793
2794
2796
2797
2800
2802
2803
2804
2804
2806
2808
2812
2812
2814
2814
2814
2814
2815
2816
2816
2817
2818
2818
2818
2820
2821
2822
2823
2824
2824
2826
2826
2827
2827
2829
2831
2833
2835
2835
2836
2836
2837
2837
2838
2839
2839
2840
2840
2841
2841
2842
2843
2845
2845
2846
2847
2847
2848
2851
2851
2852
2852
2854
2855
2855
2856
2856
2856
2857
2858
2858
2859
2859
2860
2860
2861
2862
2862
2863
2863
2865
2866
2866
2866
2867
2869
2870
2870
2870
2873
2873
2873
2873
2874
2874
2875
2877
2878
2879
2881
2881
2886
2886
2886
2886
2887
2887
2888
2890
2890
2891
2891
2893
2893
2896
2898
2898
2900
2900
2903
2903
2904
2904
2904
2905
2906
2906
2907
2907
2907
2908
2909
2910
2910
2911
2913
2913
2914
2914
2915
2915
2915
2915
2917
2918
2918
2919
2919
2920
2921
2922
2923
2923
2924
2924
2926
2927
2929
2929
2930
2932
2932
2932
2933
2934
2936
2937
2937
2939
2939
2940
2942
2943
2943
2943
2944
2944
2945
2945
2945
2946
2947
2947
2953
2953
2956
2956
2957
2958
2959
2960
2961
2961
2962
2963
2963
2964
2969
2970
2970
2970
2970
2971
2972
2972
2975
2976
2977
2978
2978
2979
2980
2981
2982
2983
2983
2984
2984
2985
2986
2988
2991
2991
2996
2999
3000
3001
3001
3001
3002
3002
3002
3003
3004
3005
3005
3006
3007
3007
3007
3007
3009
3010
3011
3011
3014
3015
3017
3017
3018
3018
3019
3020
3023
3025
3025
3025
3026
3027
3028
3029
3029
3030
3031
3031
3032
3034
3035
3035
3036
3036
3037
3037
3038
3039
3040
3041
3043
3044
3045
3047
3048
3049
3050
3052
3053
3055
3055
3055
3056
3058
3058
3059
3062
3063
3067
3070
3071
3071
3071
3072
3072
3074
3074
3074
3076
3077
3078
3078
3079
3079
3079
3081
3081
3082
3083
3083
3085
3085
3086
3088
3088
3088
3094
3096
3096
3096
3099
3100
3101
3102
3102
3103
3104
3110
3110
3116
3116
3116
3117
3117
3118
3118
3118
3119
3120
3120
3120
3123
3124
3127
3127
3129
3130
3130
3133
3133
3136
3139
3140
3140
3140
3141
3141
3142
3143
3143
3144
3145
3146
3150
3150
3151
3152
3152
3152
3153
3153
3154
3155
3155
3156
3156
3157
3159
3161
3162
3163
3164
3165
3166
3168
3172
3172
3176
3177
3178
3179
3180
3182
3184
3184
3188
3190
3191
3191
3193
3194
3194
3195
3195
3196
3197
3198
3199
3201
3202
3203
3209
3209
3210
3210
3212
3213
3216
3217
3218
3218
3219
3219
3219
3220
3220
3220
3222
3222
3225
3225
3227
3227
3228
3228
3230
3231
3231
3232
3234
3235
3237
3237
3238
3240
3240
3241
3242
3243
3246
3248
3249
3250
3252
3252
3252
3252
3254
3255
3255
3256
3257
3258
3258
3259
3261
3262
3262
3262
3262
3263
3263
3263
3266
3267
3269
3269
3271
3271
3274
3274
3274
3275
3276
3277
3277
3278
3280
3281
3281
3281
3282
3283
3284
3284
3284
3285
3286
3286
3286
3287
3288
3289
3289
3290
3290
3291
3294
3297
3297
3298
3299
3300
3301
3302
3303
3305
3306
3307
3307
3307
3307
3308
3309
3311
3311
3313
3315
3316
3317
3317
3320
3321
3322
3322
3323
3323
3324
3325
3326
3326
3326
3326
3327
3328
3329
3331
3333
3335
3335
3335
3335
3336
3337
3338
3338
3339
3340
3341
3341
3342
3343
3344
3347
3347
3348
3349
3349
3349
3351
3351
3352
3353
3353
3354
3354
3355
3356
3356
3356
3357
3358
3358
3358
3361
3363
3363
3364
3365
3367
3369
3369
3370
3370
3371
3371
3372
3372
3375
3376
3376
3378
3379
3380
3382
3383
3384
3386
3388
3389
3389
3389
3389
3390
3392
3392
3394
3395
3396
3397
3400
3402
3402
3405
3405
3406
3408
3408
3408
3408
3409
3409
3409
3410
3415
3418
3420
3421
3422
3423
3424
3424
3426
3428
3431
3431
3431
3434
3439
3440
3440
3442
3444
3444
3445
3445
3447
3447
3447
3449
3450
3451
3452
3452
3456
3458
3459
3459
3461
3461
3462
3462
3463
3463
3464
3466
3467
3468
3468
3468
3469
3475
3477
3479
3480
3481
3481
3481
3481
3483
3483
3484
3484
3484
3485
3485
3485
3486
3486
3487
3488
3488
3489
3492
3493
3493
3494
3498
3498
3499
3499
3501
3502
3502
3504
3505
3506
3509
3509
3510
3511
3511
3512
3513
3516
3516
3518
3519
3520
3522
3522
3523
3523
3523
3527
3527
3527
3528
3528
3528
3529
3530
3530
3531
3532
3532
3533
3534
3534
3535
3535
3536
3537
3537
3538
3539
3540
3541
3541
3542
3545
3545
3547
3548
3548
3550
3551
3552
3552
3553
3553
3553
3555
3558
3559
3559
3561
3561
3562
3564
3566
3566
3567
3568
3568
3569
3569
3570
3570
3570
3570
3572
3572
3572
3574
3575
3577
3579
3580
3580
3581
3583
3585
3585
3586
3587
3587
3591
3593
3594
3594
3597
3598
3599
3601
3602
3602
3602
3605
3605
3609
3610
3611
3612
3612
3614
3615
3615
3617
3619
3620
3622
3622
3623
3624
3626
3627
3627
3627
3628
3629
3629
3630
3631
3632
3633
3633
3633
3634
3635
3636
3637
3637
3638
3638
3641
3642
3642
3644
3645
3646
3647
3647
3648
3648
3650
3652
3652
3653
3657
3657
3659
3661
3663
3664
3666
3666
3667
3669
3670
3673
3673
3674
3674
3675
3677
3680
3680
3681
3681
3682
3684
3685
3687
3691
3691
3693
3693
3700
3706
3706
3707
3709
3710
3710
3710
3713
3713
3714
3715
3715
3716
3716
3719
3723
3723
3723
3725
3725
3726
3727
3730
3731
3732
3734
3734
3734
3734
3735
3735
3736
3736
3738
3738
3738
3738
3739
3739
3740
3741
3743
3744
3744
3745
3746
3749
3749
3750
3750
3751
3751
3754
3755
3756
3758
3760
3760
3762
3762
3765
3767
3767
3767
3767
3770
3770
3773
3773
3774
3777
3778
3780
3782
3784
3786
3786
3786
3787
3787
3787
3787
3788
3789
3790
3791
3791
3793
3794
3794
3795
3796
3796
3799
3800
3800
3800
3802
3804
3804
3804
3805
3805
3806
3810
3810
3810
3811
3812
3814
3814
3814
3814
3815
3815
3816
3816
3816
3816
3817
3817
3817
3819
3819
3819
3820
3820
3822
3822
3823
3823
3824
3824
3825
3827
3828
3830
3832
3832
3832
3833
3834
3834
3835
3835
3837
3837
3839
3840
3840
3841
3841
3841
3843
3843
3845
3845
3846
3847
3848
3848
3849
3849
3850
3851
3853
3853
3853
3854
3855
3856
3857
3859
3861
3862
3865
3866
3867
3867
3867
3868
3870
3870
3871
3872
3872
3873
3875
3876
3877
3877
3877
3878
3878
3881
3882
3883
3884
3884
3885
3886
3888
3889
3892
3893
3893
3893
3893
3895
3896
3897
3897
3900
3900
3901
3902
3903
3905
3906
3907
3908
3909
3909
3909
3910
3910
3912
3913
3913
3914
3915
3920
3922
3924
3926
3927
3927
3927
3928
3929
3929
3930
3930
3932
3932
3933
3933
3934
3935
3937
3938
3940
3940
3941
3941
3942
3942
3943
3944
3945
3946
3947
3947
3947
3949
3949
3949
3950
3951
3952
3952
3954
3954
3955
3955
3956
3957
3957
3959
3959
3959
3961
3961
3962
3962
3963
3965
3965
3965
3966
3968
3969
3969
3969
3969
3973
3973
3974
3974
3975
3975
3978
3978
3980
3981
3983
3984
3985
3987
3988
3988
3988
3988
3989
3990
3991
3991
3991
3992
3992
3993
3993
3993
3993
3995
3997
3997
3997
3998
3998
3999
3999
3999
4000
4002
4003
4003
4006
4006
4006
4007
4008
4010
4010
4010
4011
4015
4015
4016
4016
4017
4018
4019
4019
4020
4020
4022
4022
4023
4023
4023
4024
4025
4026
4027
4029
4029
4031
4031
4034
4034
4035
4036
4038
4040
4041
4043
4043
4045
4047
4047
4050
4052
4053
4053
4055
4055
4056
4059
4060
4061
4062
4063
4064
4064
4065
4066
4067
4068
4069
4069
4070
4071
4071
4073
4073
4073
4074
4074
4077
4077
4080
4081
4081
4081
4082
4082
4085
4085
4087
4087
4088
4090
4091
4091
4094
4094
4095
4095
4095
4096
4096
4102
4103
4103
4103
4103
4104
4104
4105
4106
4108
4109
4109
4109
4111
4113
4114
4116
4117
4118
4118
4118
4119
4120
4122
4123
4123
4124
4126
4127
4129
4130
4131
4132
4132
4133
4136
4136
4137
4139
4140
4140
4141
4142
4143
4143
4145
4145
4145
4147
4149
4150
4151
4151
4153
4153
4153
4153
4154
4155
4157
4158
4158
4159
4161
4161
4162
4163
4167
4167
4168
4169
4169
4170
4170
4175
4175
4175
4177
4178
4178
4178
4181
4182
4182
4182
4183
4184
4189
4190
4191
4193
4194
4194
4195
4197
4197
4198
4198
4199
4201
4203
4204
4205
4207
4208
4210
4210
4210
4212
4212
4212
4213
4213
4214
4215
4215
4216
4216
4220
4224
4225
4225
4225
4226
4226
4226
4226
4227
4227
4230
4235
4235
4235
4237
4237
4237
4238
4239
4240
4240
4240
4240
4242
4243
4243
4244
4246
4247
4247
4248
4250
4251
4252
4253
4255
4256
4259
4259
4260
4260
4261
4267
4268
4269
4270
4271
4274
4275
4277
4277
4278
4281
4281
4281
4281
4283
4283
4284
4286
4287
4287
4288
4290
4290
4290
4290
4290
4291
4296
4296
4297
4297
4298
4298
4298
4298
4299
4299
4301
4302
4303
4303
4308
4308
4309
4310
4310
4310
4312
4313
4315
4315
4316
4317
4317
4318
4321
4323
4323
4327
4330
4330
4331
4332
4332
4333
4333
4334
4334
4335
4336
4336
4336
4337
4338
4338
4339
4340
4342
4342
4343
4344
4345
4345
4346
4346
4347
4351
4352
4353
4356
4356
4356
4359
4360
4361
4364
4366
4367
4367
4368
4368
4369
4372
4374
4376
4377
4378
4379
4379
4380
4380
4381
4381
4382
4383
4384
4384
4384
4389
4390
4390
4390
4390
4391
4392
4393
4394
4397
4397
4397
4398
4399
4400
4401
4403
4407
4407
4408
4408
4409
4409
4413
4415
4415
4416
4421
4423
4424
4425
4429
4429
4430
4431
4431
4433
4434
4435
4435
4437
4437
4437
4440
4442
4444
4445
4445
4447
4450
4452
4454
4455
4457
4460
4460
4460
4461
4462
4462
4464
4465
4465
4466
4466
4466
4467
4467
4468
4468
4468
4468
4468
4472
4473
4475
4477
4478
4480
4481
4482
4483
4486
4486
4487
4488
4488
4488
4489
4491
4492
4493
4494
4497
4498
4498
4498
4504
4505
4508
4509
4512
4513
4514
4515
4516
4519
4521
4522
4522
4522
4524
4525
4526
4526
4527
4527
4531
4533
4537
4538
4538
4540
4541
4544
4545
4545
4545
4545
4546
4546
4549
4550
4551
4551
4552
4553
4554
4554
4554
4557
4557
4558
4558
4558
4560
4560
4562
4562
4562
4564
4564
4564
4564
4565
4565
4569
4570
4570
4571
4572
4573
4574
4574
4575
4577
4577
4578
4580
4581
4582
4583
4583
4585
4586
4590
4592
4593
4594
4594
4595
4595
4596
4596
4598
4598
4598
4601
4601
4601
4603
4604
4606
4607
4607
4607
4608
4608
4610
4611
4612
4615
4616
4617
4617
4618
4619
4619
4621
4622
4622
4625
4626
4626
4626
4628
4628
4629
4630
4630
4631
4633
4634
4634
4634
4634
4635
4636
4637
4638
4640
4642
4644
4645
4646
4646
4647
4649
4650
4650
4651
4653
4655
4657
4657
4657
4657
4657
4657
4658
4660
4662
4664
4667
4671
4672
4674
4677
4677
4680
4682
4683
4684
4685
4685
4686
4686
4687
4689
4690
4690
4691
4692
4692
4693
4693
4695
4696
4697
4697
4699
4701
4701
4705
4706
4706
4706
4706
4708
4710
4710
4710
4710
4711
4712
4713
4716
4716
4717
4717
4719
4720
4720
4725
4725
4726
4728
4728
4730
4731
4731
4733
4735
4736
4739
4741
4741
4741
4741
4743
4745
4746
4746
4747
4748
4748
4748
4749
4749
4749
4749
4749
4751
4752
4752
4752
4753
4753
4758
4759
4759
4760
4763
4764
4764
4765
4767
4769
4770
4770
4770
4772
4772
4772
4773
4773
4774
4775
4775
4775
4777
4777
4778
4778
4779
4779
4779
4781
4781
4785
4786
4787
4789
4789
4791
4794
4795
4797
4799
4799
4799
4800
4800
4800
4802
4802
4803
4804
4805
4806
4807
4807
4810
4813
4815
4815
4816
4816
4817
4818
4819
4820
4820
4821
4821
4822
4822
4822
4823
4825
4826
4827
4828
4828
4829
4830
4831
4832
4833
4834
4836
4836
4837
4837
4839
4839
4840
4842
4844
4845
4846
4846
4846
4846
4850
4850
4851
4852
4855
4855
4855
4856
4859
4861
4862
4862
4863
4864
4864
4866
4866
4867
4868
4869
4870
4870
4872
4873
4873
4874
4875
4877
4878
4879
4879
4881
4881
4882
4883
4885
4886
4886
4888
4889
4889
4891
4891
4893
4894
4894
4896
4897
4897
4897
4900
4901
4901
4903
4903
4904
4905
4906
4906
4907
4909
4909
4913
4914
4916
4917
4919
4919
4919
4923
4924
4924
4924
4925
4926
4926
4928
4929
4929
4933
4936
4937
4938
4938
4940
4940
4941
4942
4943
4943
4945
4945
4945
4946
4947
4948
4948
4949
4949
4950
4952
4953
4954
4954
4955
4955
4956
4957
4961
4961
4963
4964
4964
4965
4965
4966
4966
4970
4971
4973
4975
4976
4979
4980
4980
4982
4984
4985
4985
4987
4989
4993
4993
4995
4996
4996
4996
4996
4998
4999
5000
5000
5001
5002
5003
5007
5008
5012
5012
5013
5016
5017
5017
5017
5018
5020
5021
5023
5023
5023
5027
5028
5032
5032
5033
5033
5033
5037
5037
5039
5041
5042
5042
5042
5045
5048
5049
5050
5050
5051
5052
5053
5054
5055
5056
5056
5057
5058
5059
5061
5062
5062
5063
5065
5065
5066
5066
5066
5066
5067
5068
5069
5071
5071
5075
5076
5076
5076
5077
5077
5079
5079
5079
5080
5080
5082
5082
5083
5084
5086
5086
5088
5090
5090
5092
5092
5092
5093
5093
5093
5094
5096
5097
5098
5098
5101
5102
5102
5102
5103
5107
5107
5107
5110
5110
5112
5114
5115
5115
5116
5116
5118
5118
5118
5119
5119
5121
5122
5123
5124
5125
5127
5132
5135
5135
5136
5138
5140
5141
5142
5142
5142
5143
5144
5144
5145
5146
5148
5148
5149
5149
5151
5152
5153
5155
5155
5156
5156
5156
5157
5158
5161
5162
5162
5164
5165
5165
5165
5167
5168
5169
5170
5171
5171
5172
5172
5174
5176
5177
5179
5179
5180
5181
5183
5184
5185
5185
5189
5190
5190
5191
5192
5195
5197
5198
5201
5202
5207
5208
5208
5210
5210
5214
5215
5217
5218
5218
5218
5219
5219
5220
5221
5221
5222
5222
5223
5225
5226
5227
5227
5228
5229
5229
5231
5234
5235
5236
5236
5236
5237
5239
5240
5241
5242
5247
5248
5248
5248
5249
5249
5251
5251
5252
5252
5253
5254
5256
5257
5257
5258
5259
5261
5262
5263
5264
5266
5267
5268
5270
5270
5271
5271
5272
5273
5275
5275
5276
5278
5278
5278
5279
5279
5282
5283
5283
5284
5284
5284
5284
5288
5289
5294
5295
5295
5298
5299
5300
5300
5300
5301
5301
5302
5302
5303
5303
5304
5305
5305
5307
5308
5308
5309
5309
5311
5313
5315
5316
5316
5317
5317
5317
5319
5320
5322
5325
5329
5329
5331
5331
5331
5333
5334
5334
5335
5335
5335
5336
5337
5337
5339
5339
5341
5344
5346
5346
5347
5348
5349
5350
5354
5355
5355
5356
5356
5357
5357
5360
5360
5361
5361
5363
5363
5364
5365
5365
5367
5367
5368
5368
5369
5370
5370
5370
5371
5372
5372
5374
5374
5376
5377
5377
5378
5378
5379
5379
5380
5381
5381
5382
5382
5383
5384
5385
5385
5385
5385
5387
5387
5387
5387
5390
5394
5396
5397
5397
5398
5399
5402
5402
5403
5405
5405
5407
5408
5410
5410
5411
5411
5414
5416
5416
5417
5417
5417
5418
5419
5421
5424
5424
5425
5427
5427
5428
5430
5432
5433
5434
5434
5436
5437
5437
5437
5439
5439
5440
5442
5444
5444
5444
5445
5446
5446
5447
5447
5449
5453
5457
5457
5459
5462
5462
5463
5463
5463
5464
5465
5465
5466
5466
5467
5467
5469
5470
5472
5472
5474
5474
5475
5476
5476
5477
5477
5478
5479
5479
5481
5484
5486
5489
5489
5490
5490
5492
5492
5492
5494
5497
5497
5497
5497
5497
5498
5499
5500
5501
5502
5502
5502
5504
5505
5507
5510
5513
5513
5514
5514
5515
5516
5517
5517
5517
5518
5519
5520
5521
5523
5524
5528
5533
5534
5534
5535
5535
5539
5539
5540
5541
5542
5542
5542
5543
5545
5545
5548
5549
5549
5550
5551
5553
5555
5556
5556
5556
5557
5559
5559
5559
5560
5560
5561
5563
5564
5565
5565
5566
5569
5569
5569
5570
5571
5571
5571
5573
5574
5577
5578
5578
5579
5580
5581
5582
5583
5583
5583
5584
5585
5586
5586
5587
5588
5589
5589
5591
5592
5592
5594
5595
5595
5595
5596
5597
5597
5597
5599
5599
5599
5599
5600
5600
5601
5602
5603
5604
5605
5606
5606
5607
5607
5607
5610
5610
5611
5611
5614
5615
5617
5619
5620
5622
5624
5625
5626
5626
5626
5627
5628
5629
5629
5631
5631
5632
5632
5634
5634
5634
5636
5637
5638
5639
5641
5641
5642
5643
5644
5645
5645
5646
5646
5647
5647
5650
5651
5652
5654
5655
5656
5656
5657
5658
5660
5661
5661
5661
5662
5662
5662
5664
5664
5666
5667
5669
5669
5669
5671
5671
5673
5673
5673
5674
5678
5678
5681
5683
5684
5684
5685
5686
5686
5686
5687
5689
5690
5691
5692
5692
5693
5695
5696
5696
5696
5698
5699
5699
5700
5703
5704
5708
5712
5712
5714
5715
5716
5716
5716
5716
5723
5723
5724
5724
5724
5724
5725
5726
5726
5726
5727
5727
5728
5730
5731
5732
5733
5734
5734
5735
5736
5737
5737
5740
5743
5743
5743
5744
5744
5748
5748
5749
5749
5749
5750
5751
5753
5754
5754
5754
5755
5755
5756
5757
5757
5757
5757
5757
5757
5758
5759
5759
5760
5763
5764
5764
5765
5765
5766
5767
5768
5770
5771
5773
5773
5774
5775
5780
5780
5781
5781
5781
5785
5786
5786
5787
5787
5787
5787
5788
5789
5789
5793
5793
5796
5797
5798
5798
5800
5802
5802
5802
5805
5805
5805
5806
5806
5807
5807
5807
5810
5812
5813
5814
5815
5815
5815
5818
5819
5819
5820
5823
5823
5823
5825
5826
5826
5826
5829
5830
5831
5833
5833
5834
5834
5835
5836
5838
5838
5841
5841
5843
5844
5844
5845
5845
5847
5848
5849
5849
5850
5850
5853
5853
5854
5854
5855
5855
5855
5857
5857
5858
5858
5859
5859
5859
5860
5861
5861
5862
5862
5863
5863
5868
5869
5870
5872
5872
5873
5874
5874
5877
5877
5879
5881
5882
5882
5883
5884
5885
5885
5886
5888
5890
5892
5893
5894
5894
5895
5895
5896
5896
5897
5899
5899
5901
5902
5903
5903
5904
5906
5910
5910
5910
5911
5911
5912
5912
5912
5913
5913
5913
5913
5915
5915
5915
5916
5916
5917
5918
5919
5921
5922
5923
5924
5925
5925
5926
5928
5929
5930
5933
5936
5937
5937
5938
5941
5942
5943
5944
5947
5947
5947
5949
5949
5952
5952
5952
5953
5953
5954
5958
5960
5961
5962
5964
5965
5971
5972
5973
5973
5973
5973
5974
5974
5974
5975
5975
5976
5976
5978
5979
5980
5981
5982
5982
5983
5984
5986
5987
5988
5989
5989
5989
5990
5991
5992
5992
5994
5994
5995
5997
5998
5999
6000
6001
6002
6003
6003
6005
6005
6006
6006
6007
6008
6009
6009
6009
6010
6010
6010
6011
6012
6013
6015
6016
6016
6016
6017
6018
6019
6019
6020
6025
6025
6026
6027
6029
6030
6031
6031
6031
6032
6033
6035
6035
6035
6037
6038
6038
6044
6045
6046
6048
6049
6049
6050
6053
6054
6054
6054
6055
6055
6056
6057
6058
6058
6061
6061
6063
6063
6063
6064
6066
6066
6066
6067
6069
6070
6073
6074
6076
6076
6077
6082
6082
6082
6083
6086
6088
6088
6090
6092
6092
6093
6094
6095
6095
6096
6096
6096
6098
6102
6102
6106
6108
6108
6109
6111
6113
6114
6114
6114
6120
6120
6122
6124
6124
6124
6125
6126
6126
6126
6128
6128
6129
6129
6130
6130
6131
6132
6132
6133
6134
6135
6137
6137
6142
6144
6145
6146
6146
6146
6147
6148
6149
6152
6154
6155
6155
6157
6159
6159
6161
6161
6161
6163
6164
6164
6166
6166
6166
6167
6167
6167
6169
6169
6171
6171
6171
6172
6173
6175
6176
6176
6176
6177
6180
6182
6182
6187
6190
6191
6192
6192
6193
6196
6196
6198
6198
6199
6200
6200
6200
6200
6205
6206
6207
6209
6209
6210
6211
6211
6212
6213
6214
6215
6215
6219
6220
6222
6224
6226
6227
6228
6232
6235
6238
6239
6241
6244
6244
6246
6247
6248
6248
6249
6250
6251
6252
6253
6253
6256
6256
6259
6262
6263
6265
6266
6267
6268
6268
6269
6269
6269
6270
6270
6270
6271
6272
6272
6272
6274
6275
6279
6280
6281
6282
6283
6283
6283
6284
6286
6287
6288
6290
6291
6292
6292
6292
6293
6293
6294
6295
6296
6299
6299
6300
6300
6302
6302
6303
6306
6307
6307
6308
6309
6311
6313
6313
6313
6314
6315
6318
6319
6320
6321
6324
6325
6325
6327
6327
6328
6328
6328
6328
6329
6330
6331
6331
6331
6331
6331
6332
6332
6334
6336
6336
6337
6339
6341
6342
6343
6346
6346
6347
6348
6349
6351
6352
6353
6354
6356
6357
6357
6358
6358
6361
6366
6367
6367
6369
6369
6370
6370
6370
6371
6372
6375
6375
6376
6377
6377
6378
6378
6380
6381
6383
6384
6385
6385
6386
6387
6388
6388
6389
6389
6391
6391
6392
6394
6397
6397
6398
6400
6401
6402
6404
6405
6405
6406
6407
6408
6409
6409
6410
6412
6415
6417
6418
6418
6418
6418
6421
6423
6423
6423
6423
6423
6424
6424
6424
6425
6426
6426
6427
6427
6431
6431
6431
6432
6432
6433
6433
6434
6436
6436
6437
6440
6440
6444
6445
6445
6446
6446
6446
6447
6448
6448
6452
6454
6455
6456
6457
6457
6459
6459
6459
6460
6460
6461
6461
6461
6464
6465
6467
6469
6470
6470
6471
6476
6477
6478
6483
6483
6486
6491
6491
6495
6496
6497
6497
6497
6497
6498
6498
6499
6500
6500
6500
6501
6503
6504
6505
6506
6506
6507
6509
6510
6511
6511
6512
6513
6514
6516
6518
6519
6519
6520
6524
6524
6526
6527
6527
6527
6527
6527
6529
6530
6530
6532
6532
6534
6535
6536
6536
6537
6537
6538
6538
6538
6538
6540
6541
6541
6542
6543
6544
6547
6547
6547
6548
6551
6551
6553
6555
6556
6557
6557
6557
6559
6560
6561
6561
6562
6563
6568
6568
6569
6569
6569
6572
6572
6573
6574
6575
6577
6578
6578
6581
6583
6586
6586
6589
6589
6590
6591
6592
6594
6594
6597
6598
6600
6600
6604
6604
6604
6604
6605
6607
6607
6609
6609
6610
6610
6612
6613
6613
6613
6614
6615
6615
6616
6616
6616
6617
6620
6622
6624
6624
6626
6626
6627
6627
6629
6630
6631
6634
6634
6637
6637
6639
6639
6640
6643
6643
6643
6644
6645
6651
6652
6652
6652
6653
6655
6656
6658
6659
6661
6661
6662
6663
6665
6665
6666
6667
6668
6668
6669
6672
6672
6677
6677
6680
6680
6682
6682
6683
6684
6686
6690
6691
6692
6692
6692
6693
6694
6694
6695
6695
6696
6696
6697
6698
6701
6701
6702
6703
6703
6703
6704
6705
6706
6706
6708
6708
6708
6709
6710
6710
6711
6714
6715
6715
6716
6716
6716
6716
6717
6717
6717
6720
6722
6723
6723
6724
6724
6724
6726
6726
6726
6727
6727
6730
6731
6734
6735
6737
6737
6739
6740
6740
6741
6741
6742
6743
6744
6744
6745
6746
6748
6752
6752
6753
6755
6756
6758
6758
6759
6761
6761
6762
6763
6764
6764
6765
6767
6770
6771
6772
6772
6772
6773
6773
6774
6775
6776
6777
6779
6779
6779
6779
6780
6782
6782
6783
6784
6785
6786
6786
6786
6787
6787
6788
6788
6789
6790
6792
6793
6794
6794
6795
6797
6798
6800
6805
6807
6808
6808
6810
6810
6812
6812
6813
6814
6815
6816
6817
6817
6819
6821
6821
6821
6821
6823
6823
6824
6824
6824
6830
6830
6831
6831
6834
6834
6835
6838
6839
6839
6839
6839
6839
6839
6840
6840
6840
6842
6843
6843
6843
6843
6845
6845
6846
6846
6847
6847
6847
6849
6849
6850
6850
6851
6853
6853
6854
6855
6856
6856
6857
6859
6861
6862
6863
6866
6867
6867
6867
6868
6871
6873
6873
6874
6875
6875
6876
6876
6885
6885
6886
6888
6889
6890
6891
6891
6892
6892
6893
6895
6895
6895
6895
6896
6897
6897
6897
6898
6898
6899
6899
6902
6902
6902
6902
6903
6906
6906
6906
6907
6909
6910
6910
6911
6911
6913
6913
6914
6914
6914
6916
6919
6919
6921
6921
6922
6922
6922
6922
6922
6923
6923
6923
6923
6924
6924
6925
6928
6935
6936
6940
6943
6944
6949
6949
6951
6953
6954
6955
6956
6962
6962
6963
6964
6965
6967
6968
6969
6969
6971
6972
6972
6975
6977
6978
6979
6980
6980
6983
6986
6987
6987
6988
6988
6989
6990
6990
6991
6992
6993
6993
6993
6994
6995
6995
6997
6998
6998
7000
7003
7003
7003
7003
7003
7004
7004
7004
7004
7009
7009
7010
7012
7013
7014
7015
7016
7017
7018
7022
7025
7026
7026
7027
7029
7030
7031
7033
7035
7035
7035
7036
7036
7037
7038
7038
7039
7040
7040
7043
7046
7046
7047
7047
7047
7048
7049
7050
7050
7051
7051
7056
7056
7056
7057
7058
7058
7059
7060
7060
7061
7061
7062
7062
7064
7065
7066
7066
7067
7067
7067
7069
7070
7071
7071
7075
7078
7079
7079
7080
7080
7081
7081
7081
7081
7082
7082
7083
7084
7085
7087
7087
7088
7088
7090
7090
7090
7091
7091
7092
7093
7094
7094
7095
7096
7098
7098
7098
7098
7099
7100
7101
7102
7103
7103
7105
7107
7108
7109
7111
7111
7111
7111
7112
7112
7112
7113
7113
7114
7115
7115
7116
7116
7116
7117
7118
7118
7119
7120
7120
7120
7121
7125
7125
7127
7130
7130
7130
7132
7134
7135
7135
7136
7139
7140
7140
7140
7140
7142
7144
7146
7146
7148
7148
7148
7149
7151
7151
7152
7154
7154
7154
7155
7158
7159
7161
7162
7163
7163
7169
7169
7170
7172
7172
7173
7176
7177
7178
7179
7180
7182
7184
7185
7187
7191
7191
7192
7193
7195
7195
7195
7196
7201
7201
7202
7203
7203
7206
7206
7207
7210
7212
7213
7214
7215
7215
7216
7216
7218
7218
7219
7220
7220
7221
7222
7223
7223
7224
7225
7225
7225
7225
7225
7226
7226
7226
7227
7229
7229
7229
7229
7230
7231
7231
7231
7232
7233
7234
7235
7236
7236
7237
7239
7240
7241
7242
7242
7242
7243
7243
7243
7244
7245
7249
7249
7250
7250
7253
7254
7254
7255
7255
7256
7256
7257
7259
7259
7259
7260
7260
7261
7263
7263
7264
7267
7267
7269
7272
7275
7277
7278
7280
7281
7282
7283
7284
7285
7288
7288
7289
7289
7289
7291
7292
7295
7296
7296
7298
7299
7300
7303
7304
7305
7305
7307
7308
7312
7312
7313
7313
7314
7315
7316
7316
7316
7317
7318
7319
7319
7320
7321
7321
7322
7324
7324
7324
7325
7327
7327
7327
7328
7329
7329
7331
7332
7332
7334
7334
7335
7335
7335
7337
7338
7339
7339
7340
7340
7341
7343
7344
7346
7346
7346
7346
7346
7348
7348
7348
7349
7350
7351
7352
7352
7352
7353
7355
7355
7357
7359
7361
7362
7362
7362
7363
7364
7365
7365
7365
7366
7366
7367
7367
7368
7371
7371
7372
7372
7372
7372
7372
7376
7376
7378
7378
7378
7378
7379
7381
7383
7385
7385
7386
7388
7388
7388
7388
7389
7390
7390
7390
7390
7391
7392
7393
7393
7393
7394
7395
7396
7397
7398
7398
7399
7402
7402
7403
7404
7404
7404
7404
7405
7405
7406
7406
7408
7410
7410
7413
7413
7415
7418
7419
7420
7420
7421
7423
7424
7425
7425
7426
7429
7432
7433
7433
7435
7435
7436
7437
7437
7437
7438
7438
7438
7440
7443
7444
7446
7448
7448
7448
7448
7450
7450
7450
7453
7454
7454
7455
7455
7456
7456
7456
7458
7459
7459
7460
7460
7460
7461
7462
7462
7462
7462
7462
7464
7465
7465
7466
7467
7468
7468
7470
7470
7470
7470
7470
7471
7471
7472
7472
7473
7475
7475
7475
7476
7477
7477
7477
7477
7479
7479
7481
7481
7481
7483
7485
7486
7486
7486
7489
7489
7490
7490
7490
7491
7492
7493
7493
7493
7494
7495
7496
7496
7497
7498
7499
7499
7500
7501
7502
7502
7503
7503
7503
7505
7506
7510
7512
7513
7514
7514
7516
7517
7517
7518
7518
7519
7519
7521
7522
7523
7523
7523
7524
7525
7525
7525
7527
7527
7528
7529
7529
7530
7530
7531
7532
7538
7540
7541
7542
7542
7544
7544
7544
7545
7548
7548
7550
7551
7552
7554
7554
7555
7556
7557
7557
7558
7559
7559
7562
7562
7562
7563
7567
7567
7567
7568
7568
7569
7569
7569
7570
7571
7574
7575
7575
7576
7578
7578
7578
7579
7580
7581
7583
7583
7583
7584
7587
7587
7587
7590
7590
7594
7595
7596
7597
7597
7598
7598
7598
7599
7602
7603
7604
7606
7609
7609
7611
7611
7611
7612
7614
7614
7615
7617
7617
7620
7620
7621
7624
7625
7625
7626
7626
7628
7629
7633
7634
7635
7637
7637
7639
7639
7640
7641
7642
7644
7645
7645
7646
7651
7651
7651
7652
7656
7656
7657
7658
7658
7661
7662
7662
7664
7664
7667
7669
7669
7671
7672
7672
7672
7673
7674
7674
7675
7677
7680
7681
7681
7684
7686
7688
7690
7691
7692
7693
7694
7696
7697
7698
7698
7698
7701
7702
7702
7702
7704
7704
7705
7705
7707
7707
7708
7708
7709
7709
7710
7710
7710
7711
7714
7717
7718
7718
7719
7721
7721
7724
7727
7727
7727
7727
7729
7730
7730
7733
7734
7735
7736
7737
7738
7738
7739
7742
7742
7743
7743
7744
7745
7748
7748
7749
7750
7753
7757
7757
7757
7760
7760
7761
7763
7763
7764
7764
7764
7764
7764
7765
7765
7766
7766
7772
7772
7772
7773
7773
7774
7775
7775
7777
7778
7781
7782
7782
7783
7785
7786
7786
7788
7788
7790
7791
7793
7793
7794
7794
7795
7797
7797
7798
7798
7799
7800
7802
7803
7804
7804
7805
7806
7812
7813
7814
7815
7817
7818
7818
7820
7822
7824
7826
7828
7828
7828
7829
7829
7829
7829
7830
7830
7831
7832
7832
7833
7837
7838
7838
7841
7845
7845
7846
7848
7848
7851
7852
7854
7856
7856
7857
7857
7861
7861
7862
7864
7864
7866
7866
7867
7867
7869
7871
7871
7872
7873
7874
7874
7875
7876
7878
7879
7880
7880
7881
7881
7883
7887
7888
7889
7889
7890
7890
7891
7894
7894
7895
7895
7895
7896
7899
7901
7901
7905
7905
7906
7909
7909
7910
7910
7910
7911
7912
7912
7913
7915
7915
7916
7919
7922
7923
7925
7925
7926
7926
7927
7928
7929
7929
7930
7931
7932
7934
7936
7937
7940
7941
7941
7943
7947
7947
7950
7950
7950
7951
7952
7953
7955
7957
7959
7959
7960
7962
7962
7964
7964
7964
7964
7964
7966
7967
7967
7968
7968
7969
7970
7970
7972
7973
7975
7977
7978
7979
7979
7980
7980
7981
7981
7982
7983
7985
7987
7987
7989
7989
7991
7992
7993
7994
7994
7996
7996
7997
7997
7997
7998
7998
7999
7999
8001
8003
8005
8005
8007
8008
8008
8010
8010
8010
8011
8011
8012
8013
8014
8015
8016
8016
8017
8018
8021
8021
8022
8024
8024
8024
8026
8027
8027
8031
8032
8032
8034
8034
8036
8038
8038
8040
8041
8043
8043
8044
8045
8045
8047
8048
8048
8050
8055
8055
8056
8057
8058
8058
8058
8059
8059
8060
8061
8061
8062
8065
8065
8066
8067
8069
8069
8073
8075
8076
8081
8082
8084
8085
8085
8086
8088
8088
8088
8089
8089
8090
8090
8091
8091
8091
8092
8093
8094
8094
8094
8095
8097
8099
8101
8101
8101
8103
8103
8104
8104
8106
8106
8106
8107
8107
8108
8108
8109
8110
8110
8110
8110
8111
8111
8111
8112
8114
8117
8117
8119
8119
8120
8121
8122
8124
8124
8126
8126
8127
8127
8131
8132
8135
8136
8136
8136
8137
8137
8137
8139
8139
8139
8141
8141
8143
8143
8144
8145
8145
8147
8148
8149
8150
8151
8152
8152
8153
8153
8153
8156
8159
8159
8159
8161
8161
8162
8163
8164
8164
8164
8167
8167
8167
8168
8169
8172
8173
8174
8175
8175
8176
8176
8176
8177
8177
8177
8178
8179
8179
8180
8180
8180
8180
8181
8182
8183
8184
8184
8185
8186
8187
8188
8189
8189
8190
8191
8191
8191
8191
8196
8197
8197
8198
8199
8199
8201
8201
8204
8205
8206
8207
8208
8208
8209
8209
8211
8213
8213
8213
8213
8213
8214
8217
8218
8220
8220
8220
8220
8221
8221
8224
8224
8224
8226
8226
8226
8228
8230
8231
8231
8231
8231
8231
8233
8234
8235
8235
8235
8238
8238
8239
8243
8243
8244
8247
8247
8249
8250
8251
8252
8255
8256
8257
8257
8259
8260
8261
8262
8265
8268
8268
8268
8269
8269
8270
8273
8274
8274
8276
8277
8277
8279
8281
8283
8285
8287
8289
8289
8290
8291
8291
8291
8292
8294
8295
8299
8299
8302
8303
8303
8303
8304
8305
8306
8306
8306
8308
8308
8311
8314
8315
8315
8316
8317
8317
8318
8319
8321
8321
8322
8324
8325
8327
8329
8329
8330
8331
8331
8331
8331
8331
8336
8337
8339
8340
8342
8343
8344
8345
8346
8346
8347
8347
8347
8348
8348
8350
8351
8351
8351
8353
8354
8355
8355
8355
8356
8357
8358
8359
8360
8361
8362
8363
8363
8364
8367
8367
8367
8369
8369
8370
8370
8372
8372
8372
8373
8374
8375
8375
8375
8376
8376
8377
8380
8381
8381
8382
8384
8384
8384
8384
8384
8385
8385
8386
8386
8392
8393
8394
8395
8396
8397
8398
8398
8399
8401
8401
8404
8405
8406
8407
8409
8409
8410
8410
8411
8413
8413
8414
8415
8416
8417
8418
8419
8419
8420
8421
8423
8424
8426
8426
8427
8427
8427
8428
8429
8430
8431
8431
8432
8433
8434
8434
8436
8440
8443
8443
8447
8448
8448
8449
8449
8450
8451
8452
8452
8452
8454
8454
8455
8455
8455
8455
8456
8456
8457
8459
8460
8461
8461
8462
8464
8465
8466
8470
8470
8470
8471
8472
8473
8474
8474
8475
8476
8477
8478
8481
8481
8482
8483
8484
8485
8486
8486
8487
8489
8490
8491
8492
8493
8494
8494
8494
8494
8497
8498
8498
8500
8500
8500
8501
8501
8503
8504
8505
8505
8506
8507
8507
8507
8508
8508
8509
8509
8510
8510
8513
8513
8516
8517
8518
8519
8519
8520
8520
8521
8521
8523
8524
8526
8526
8528
8528
8529
8530
8530
8530
8532
8534
8536
8537
8538
8539
8541
8542
8542
8543
8544
8545
8547
8547
8548
8549
8549
8549
8551
8552
8553
8554
8554
8554
8556
8556
8558
8560
8560
8562
8564
8565
8566
8566
8567
8568
8569
8571
8572
8573
8574
8574
8575
8575
8578
8578
8578
8579
8579
8579
8581
8582
8583
8585
8585
8585
8586
8586
8588
8590
8591
8592
8592
8594
8594
8595
8596
8597
8597
8597
8599
8600
8602
8603
8603
8603
8603
8603
8604
8606
8606
8607
8608
8608
8608
8611
8611
8611
8612
8613
8614
8614
8614
8616
8616
8616
8617
8618
8618
8621
8621
8622
8623
8623
8624
8625
8625
8626
8627
8627
8627
8630
8632
8632
8632
8633
8636
8636
8638
8639
8639
8640
8641
8643
8644
8645
8646
8647
8647
8648
8650
8651
8651
8653
8656
8659
8660
8660
8661
8663
8666
8667
8667
8669
8670
8671
8673
8675
8681
8686
8687
8688
8688
8689
8689
8690
8691
8692
8693
8693
8694
8696
8697
8697
8699
8700
8700
8700
8701
8701
8702
8705
8705
8705
8706
8706
8708
8710
8710
8711
8713
8714
8716
8717
8718
8718
8720
8720
8720
8721
8721
8722
8723
8726
8726
8727
8727
8729
8729
8732
8733
8733
8734
8734
8740
8741
8741
8744
8744
8744
8744
8745
8745
8745
8746
8747
8748
8748
8748
8748
8749
8749
8750
8750
8752
8752
8752
8753
8753
8754
8755
8755
8756
8757
8758
8758
8759
8759
8760
8760
8761
8762
8762
8763
8768
8769
8773
8774
8774
8776
8777
8777
8779
8779
8779
8780
8780
8780
8783
8785
8787
8790
8794
8794
8795
8797
8798
8799
8803
8805
8805
8806
8810
8811
8811
8811
8815
8816
8816
8818
8819
8821
8824
8825
8826
8827
8828
8831
8831
8832
8833
8833
8834
8834
8835
8835
8835
8836
8836
8839
8840
8840
8840
8840
8841
8842
8842
8843
8845
8847
8847
8847
8849
8849
8850
8851
8852
8853
8854
8854
8855
8856
8857
8857
8857
8858
8861
8861
8863
8866
8868
8869
8869
8872
8873
8874
8878
8879
8880
8880
8881
8881
8883
8890
8891
8892
8892
8893
8893
8898
8899
8901
8902
8903
8905
8905
8905
8906
8907
8909
8910
8911
8913
8913
8913
8914
8914
8915
8915
8920
8920
8920
8921
8921
8922
8923
8927
8931
8931
8932
8932
8933
8935
8937
8938
8939
8941
8942
8945
8946
8947
8947
8948
8948
8954
8955
8955
8955
8956
8958
8959
8960
8962
8963
8966
8969
8969
8971
8972
8973
8975
8977
8978
8979
8980
8981
8982
8987
8989
8989
8991
8992
8992
8993
8994
8994
8995
8997
8999
8999
9000
9002
9002
9004
9006
9006
9007
9008
9008
9009
9011
9014
9014
9014
9014
9014
9018
9018
9018
9019
9020
9021
9022
9023
9023
9025
9025
9027
9028
9028
9029
9030
9032
9033
9034
9034
9035
9035
9035
9035
9036
9038
9039
9041
9041
9043
9045
9046
9046
9047
9050
9050
9050
9052
9052
9052
9053
9055
9056
9058
9061
9061
9062
9063
9064
9064
9067
9068
9069
9072
9076
9078
9079
9080
9081
9081
9083
9083
9083
9086
9086
9087
9089
9090
9094
9094
9094
9094
9095
9095
9095
9096
9097
9098
9098
9100
9101
9102
9102
9103
9103
9104
9107
9108
9108
9108
9108
9110
9111
9114
9114
9115
9115
9116
9117
9118
9119
9119
9121
9123
9123
9124
9124
9125
9126
9126
9126
9127
9127
9127
9128
9129
9130
9130
9131
9132
9133
9136
9137
9138
9139
9140
9140
9140
9141
9142
9145
9147
9147
9149
9150
9151
9152
9153
9154
9155
9157
9157
9158
9158
9161
9163
9164
9164
9164
9165
9165
9165
9166
9167
9167
9168
9169
9170
9170
9171
9171
9172
9173
9173
9175
9177
9177
9177
9178
9178
9178
9179
9180
9180
9181
9181
9183
9185
9185
9187
9188
9189
9190
9192
9193
9193
9194
9194
9195
9195
9195
9196
9197
9197
9199
9200
9201
9201
9202
9202
9203
9205
9206
9207
9210
9211
9211
9212
9214
9215
9222
9226
9226
9227
9227
9227
9228
9229
9230
9232
9233
9233
9233
9234
9236
9237
9237
9239
9239
9241
9243
9244
9246
9249
9249
9250
9251
9251
9252
9252
9254
9255
9257
9258
9259
9259
9260
9260
9261
9261
9261
9262
9262
9263
9264
9266
9267
9267
9267
9271
9273
9273
9274
9275
9276
9277
9281
9281
9281
9282
9282
9283
9283
9284
9284
9285
9285
9285
9286
9286
9287
9288
9289
9291
9292
9293
9294
9297
9297
9298
9301
9301
9302
9302
9302
9303
9303
9303
9305
9306
9309
9310
9312
9312
9313
9313
9314
9315
9315
9316
9317
9318
9319
9321
9323
9324
9325
9325
9325
9325
9327
9327
9328
9330
9331
9333
9333
9333
9334
9335
9338
9339
9339
9340
9340
9341
9341
9342
9343
9343
9345
9345
9346
9346
9346
9347
9348
9350
9351
9351
9351
9352
9352
9353
9353
9355
9356
9356
9356
9358
9360
9360
9361
9361
9362
9362
9365
9366
9366
9367
9367
9367
9367
9367
9368
9369
9369
9370
9371
9371
9371
9371
9372
9373
9374
9375
9383
9384
9384
9385
9386
9386
9387
9390
9390
9391
9393
9393
9394
9394
9396
9396
9397
9397
9397
9398
9399
9399
9400
9400
9400
9401
9401
9402
9404
9405
9406
9406
9408
9410
9410
9410
9412
9413
9415
9416
9417
9418
9418
9419
9421
9423
9424
9424
9424
9426
9430
9431
9432
9434
9434
9436
9437
9438
9440
9443
9444
9444
9444
9444
9445
9445
9445
9446
9449
9449
9451
9456
9457
9458
9458
9458
9459
9460
9463
9466
9469
9474
9474
9474
9474
9475
9476
9476
9477
9480
9483
9485
9485
9486
9490
9491
9492
9492
9492
9493
9495
9495
9496
9499
9501
9503
9504
9505
9506
9506
9507
9508
9508
9509
9509
9511
9513
9515
9517
9518
9518
9521
9522
9522
9523
9524
9525
9525
9526
9527
9527
9527
9529
9529
9529
9530
9532
9532
9533
9534
9534
9534
9535
9535
9535
9536
9536
9541
9541
9542
9542
9543
9544
9549
9550
9555
9557
9557
9560
9561
9561
9561
9561
9564
9565
9565
9567
9569
9569
9569
9570
9572
9572
9572
9574
9574
9574
9575
9575
9576
9576
9576
9580
9582
9582
9583
9583
9584
9584
9585
9585
9586
9588
9588
9589
9590
9591
9592
9594
9596
9598
9599
9600
9600
9601
9602
9602
9603
9603
9604
9606
9610
9610
9611
9613
9614
9617
9617
9619
9621
9622
9622
9622
9622
9623
9624
9626
9626
9627
9627
9628
9631
9631
9632
9633
9634
9635
9636
9636
9637
9637
9639
9643
9643
9645
9645
9649
9650
9650
9650
9650
9651
9652
9652
9653
9654
9654
9654
9656
9658
9658
9658
9660
9660
9660
9661
9663
9665
9666
9666
9667
9667
9668
9669
9669
9670
9670
9671
9676
9676
9677
9677
9678
9679
9681
9682
9685
9685
9685
9688
9688
9691
9692
9694
9694
9698
9699
9699
9699
9699
9701
9701
9702
9703
9703
9703
9703
9704
9704
9704
9704
9704
9706
9706
9707
9707
9708
9709
9709
9711
9713
9716
9716
9719
9721
9721
9722
9723
9724
9725
9725
9727
9729
9730
9731
9732
9732
9732
9734
9736
9737
9740
9742
9743
9745
9746
9746
9747
9747
9748
9748
9750
9750
9752
9753
9754
9755
9755
9757
9757
9759
9759
9762
9763
9763
9764
9765
9766
9767
9768
9768
9770
9770
9771
9772
9774
9774
9775
9776
9776
9777
9778
9779
9785
9786
9786
9788
9791
9792
9794
9794
9795
9795
9796
9799
9801
9802
9802
9802
9802
9803
9805
9806
9806
9810
9811
9811
9815
9815
9815
9818
9819
9819
9819
9820
9821
9825
9826
9826
9827
9829
9829
9829
9831
9832
9832
9833
9836
9837
9838
9839
9839
9840
9841
9841
9842
9842
9843
9845
9847
9847
9848
9849
9850
9850
9852
9853
9854
9854
9855
9857
9859
9862
9862
9863
9864
9865
9869
9869
9870
9870
9870
9872
9872
9873
9873
9874
9875
9875
9878
9879
9879
9881
9881
9881
9882
9882
9882
9884
9886
9886
9887
9888
9888
9889
9890
9892
9895
9897
9897
9897
9899
9900
9900
9903
9903
9904
9905
9906
9906
9906
9906
9907
9907
9911
9912
9914
9914
9915
9915
9915
9916
9917
9921
9921
9923
9924
9924
9925
9926
9929
9929
9930
9930
9932
9932
9933
9933
9933
9935
9937
9941
9941
9942
9942
9942
9945
9947
9947
9947
9948
9950
9952
9952
9954
9954
9955
9956
9957
9958
9960
9961
9962
9962
9962
9963
9963
9964
9964
9964
9965
9965
9966
9968
9968
9969
9971
9972
9972
9972
9972
9973
9974
9974
9975
9977
9977
9978
9979
9979
9980
9980
9981
9983
9983
9983
9984
9984
9986
9986
9988
9988
9988
9991
9994
9995
9995
9996
9998
9998
9998
9998
9999
9999
9999

