1000

1
2
2
6
7
7
9
11
13
15
15
17
17
18
18
22
24
26
27
29
30
31
32
34
35
35
38
40
40
43
44
45
46
46
48
49
50
51
52
53
54
54
55
55
56
59
60
62
63
63
63
64
64
64
65
66
66
67
68
69
69
71
71
71
72
72
74
75
77
78
78
81
81
82
87
88
88
88
90
91
93
93
94
94
94
95
96
96
96
97
97
97
97
98
98
99
99
99
100
103
104
108
108
108
109
110
111
111
111
115
116
117
118
118
119
120
122
124
124
124
124
126
127
129
129
130
130
132
136
136
136
137
139
140
141
142
142
142
142
143
144
145
146
146
148
149
151
152
153
154
156
156
156
157
158
159
162
162
163
163
165
166
166
168
170
171
172
173
174
176
176
177
179
179
180
180
182
184
187
187
188
188
190
190
191
192
194
195
195
196
196
197
197
197
198
199
199
200
200
202
202
205
206
206
206
209
210
211
213
213
214
219
219
221
221
222
222
223
225
226
228
229
231
232
232
236
236
239
240
241
242
242
242
243
243
243
244
244
246
247
247
248
250
253
254
255
255
256
256
257
258
259
262
262
264
266
267
268
268
270
271
271
276
277
277
280
280
280
281
283
283
284
284
284
285
286
286
286
287
288
288
289
289
289
289
290
291
292
295
295
296
296
296
298
298
299
299
300
302
305
308
308
308
308
310
312
312
313
313
314
315
315
315
317
317
318
319
319
320
320
321
323
323
325
325
325
327
327
327
328
328
328
331
334
335
335
338
338
339
341
343
343
343
344
345
346
346
347
349
349
349
351
351
352
352
353
353
354
355
356
357
357
358
359
361
362
364
365
366
367
367
368
369
369
370
371
371
372
376
378
380
384
385
386
386
386
387
388
389
390
390
392
393
394
395
396
397
397
398
400
400
402
402
403
404
405
406
406
407
409
410
410
416
417
417
420
421
423
424
424
425
425
425
426
427
432
433
434
434
436
437
437
439
439
440
442
444
444
444
444
444
446
447
447
451
452
452
452
453
454
456
457
459
459
459
459
461
463
464
464
465
465
466
467
468
470
470
473
474
474
475
477
477
477
478
480
481
481
483
483
486
489
491
491
492
492
493
493
494
497
497
498
498
498
499
500
501
502
503
504
504
504
505
506
506
512
514
516
518
519
521
521
522
522
524
524
525
526
527
527
527
528
533
535
535
537
538
538
538
538
539
540
541
541
541
542
550
551
551
552
552
553
553
554
555
556
556
556
557
557
557
559
559
559
559
560
561
561
562
564
566
566
567
570
573
574
575
576
576
577
577
577
578
578
579
581
583
583
585
586
587
587
589
592
594
595
596
596
598
599
600
600
601
602
606
606
607
607
609
609
610
610
610
611
612
612
613
614
614
616
617
617
617
621
622
622
622
623
624
626
626
626
626
628
628
629
630
633
634
634
635
636
637
637
638
638
639
639
640
642
642
643
645
645
646
647
650
650
650
651
652
654
654
657
657
658
660
660
665
666
667
669
669
671
671
672
672
675
676
679
680
681
681
681
682
682
683
685
685
685
691
691
693
693
693
694
696
698
699
700
701
701
701
703
704
708
710
713
714
716
716
717
718
718
720
721
723
723
727
727
728
730
730
730
731
732
736
736
738
739
740
741
742
743
743
745
745
746
747
749
749
750
750
751
752
752
752
756
757
757
758
759
759
759
760
761
761
762
763
770
771
773
774
774
774
775
778
779
781
782
784
784
786
786
787
789
791
794
795
795
795
796
797
798
800
800
802
802
802
804
805
805
806
806
808
808
810
810
811
812
812
814
814
816
816
816
817
818
820
822
822
823
824
824
824
825
826
826
828
829
829
829
832
833
833
834
834
834
835
836
838
838
839
840
840
841
841
841
843
845
845
845
845
846
846
847
849
850
851
853
854
854
856
858
859
859
862
862
864
865
865
866
866
867
868
870
870
871
873
873
873
874
875
876
877
880
881
881
881
882
883
884
884
886
886
888
888
890
890
890
892
893
893
893
895
896
896
897
897
897
899
901
902
903
903
904
904
904
907
908
909
909
910
910
911
911
911
911
913
915
915
915
915
918
919
919
919
920
921
922
924
925
926
926
926
928
928
933
935
935
938
940
941
941
945
946
947
947
949
949
950
950
950
953
954
956
957
958
959
960
961
961
961
963
964
964
964
965
965
967
969
969
969
970
970
971
971
972
975
975
976
977
979
980
982
983
984
984
984
988
988
988
988
989
989
990
991
991
991
993
995
995
996
996
996
998
998
998
998
999

